0x00004000 6 22 50656 0x00000018 -1 -1
0x00004000 6 50656 22 0x00000010 -1 -1
0x00000000 17 -1 -1 -1 64264 53
0x00000000 17 -1 -1 -1 53 64264
0x00000000 17 -1 -1 -1 21046 514
0x00000000 17 -1 -1 -1 1289 53
0x00000000 17 -1 -1 -1 21046 514
0x00000000 17 -1 -1 -1 53 1289
0x00000000 17 -1 -1 -1 50538 53
0x00000000 17 -1 -1 -1 54322 53
0x00000000 17 -1 -1 -1 53 54322
0x00000000 17 -1 -1 -1 21046 514
0x00000000 17 -1 -1 -1 60355 53
0x00000000 17 -1 -1 -1 21046 514
0x00000000 17 -1 -1 -1 60691 53
0x00000000 17 -1 -1 -1 53 64786
0x00000000 17 -1 -1 -1 64312 53
0x00000000 17 -1 -1 -1 64265 53
0x00000000 17 -1 -1 -1 64266 53
0x00000000 17 -1 -1 -1 53 64265
0x00000000 17 -1 -1 -1 21046 514
0x00000000 17 -1 -1 -1 53 64266
0x00000000 17 -1 -1 -1 21046 514
0x00000000 17 -1 -1 -1 57294 53
0x00000000 17 -1 -1 -1 53 57294
0x00000000 17 -1 -1 -1 21046 514
0x00000000 1 -1 -1 -1 -1 -1
0x00000000 17 -1 -1 -1 55753 53
0x00000000 17 -1 -1 -1 53 55753
0x00000000 17 -1 -1 -1 21046 514
0x00000000 17 -1 -1 -1 53998 53
0x00000000 17 -1 -1 -1 21046 514
0x00000000 17 -1 -1 -1 64985 53
0x00000000 17 -1 -1 -1 21046 514
0x00000000 17 -1 -1 -1 58490 53
0x00000000 17 -1 -1 -1 53 58490
0x00000000 17 -1 -1 -1 53 64985
0x00000000 17 -1 -1 -1 61686 53
0x00000000 17 -1 -1 -1 53 61686
0x00000000 17 -1 -1 -1 21046 514
0x00000000 17 -1 -1 -1 50952 53
0x00000000 17 -1 -1 -1 53 50952
0x00000000 17 -1 -1 -1 21046 514
0x00000000 17 -1 -1 -1 51908 53
0x00000000 17 -1 -1 -1 53 51908
0x00000000 17 -1 -1 -1 21046 514
0x00000000 17 -1 -1 -1 50550 53
0x00000000 17 -1 -1 -1 51136 53
0x00000000 17 -1 -1 -1 51137 53
0x00000000 17 -1 -1 -1 53 51137
0x00000000 17 -1 -1 -1 21046 514
0x00000000 17 -1 -1 -1 21046 514
0x00000000 17 -1 -1 -1 21046 514
0x00000000 17 -1 -1 -1 53 51136
0x00000000 17 -1 -1 -1 62776 53
0x00000000 17 -1 -1 -1 53 62776
0x00000000 17 -1 -1 -1 53 50550
0x00000000 17 -1 -1 -1 53 60691
0x00000000 17 -1 -1 -1 57185 53
0x00000000 17 -1 -1 -1 58910 53
0x00000000 17 -1 -1 -1 21046 514
0x00000000 17 -1 -1 -1 55973 53
0x00000000 17 -1 -1 -1 53 55973
0x00000000 17 -1 -1 -1 53 58910
0x00000000 1 -1 -1 -1 -1 -1
0x00000000 17 -1 -1 -1 50172 53
0x00000000 17 -1 -1 -1 53 50172
0x00000000 17 -1 -1 -1 21046 514
0x00000000 17 -1 -1 -1 53 64312
0x00000000 17 -1 -1 -1 53 62699
0x00004000 17 -1 -1 -1 123 123
0x00000000 17 -1 -1 -1 54132 53
0x00000000 17 -1 -1 -1 53 54132
0x00000000 17 -1 -1 -1 21046 514
0x00004000 17 -1 -1 -1 23872 53
0x00004000 17 -1 -1 -1 23872 53
0x00000000 17 -1 -1 -1 53 23872
0x00000000 17 -1 -1 -1 21046 514
0x00000000 17 -1 -1 -1 21046 514
0x00000000 17 -1 -1 -1 53 23872
0x00000000 17 -1 -1 -1 60523 53
0x00000000 17 -1 -1 -1 60524 53
0x00000000 17 -1 -1 -1 53 60523
0x00000000 17 -1 -1 -1 53 60524
0x00000000 17 -1 -1 -1 21046 514
0x00000000 17 -1 -1 -1 21046 514
0x00000000 17 -1 -1 -1 62106 53
0x00000000 17 -1 -1 -1 53 62106
0x00000000 17 -1 -1 -1 21046 514
0x00000000 17 -1 -1 -1 53 50538
0x00000000 17 -1 -1 -1 59974 53
0x00000000 17 -1 -1 -1 53 59974
0x00000000 17 -1 -1 -1 21046 514
0x00000000 17 -1 -1 -1 53 57185
0x00000000 17 -1 -1 -1 54441 53
0x00000000 1 -1 -1 -1 -1 -1
0x00004000 1 -1 -1 -1 -1 -1
0x00004000 1 -1 -1 -1 -1 -1
0x00000000 17 -1 -1 -1 49322 53
0x00000000 17 -1 -1 -1 53 49322
0x00000000 17 -1 -1 -1 21046 514
0x00000000 17 -1 -1 -1 53 54441
0x00000000 17 -1 -1 -1 53 60355
0x00000000 17 -1 -1 -1 53 53998
0x00004000 17 -1 -1 -1 63286 53
0x00004000 17 -1 -1 -1 63286 53
0x00000000 17 -1 -1 -1 53 63286
0x00000000 17 -1 -1 -1 21046 514
0x00000000 17 -1 -1 -1 53 63286
0x00000000 17 -1 -1 -1 21046 514
0x00004000 17 -1 -1 -1 10240 53
0x00004000 17 -1 -1 -1 10240 53
0x00000000 17 -1 -1 -1 21046 514
0x00000000 17 -1 -1 -1 53 10240
0x00000000 17 -1 -1 -1 21046 514
0x00000000 17 -1 -1 -1 53 10240
0x00000000 17 -1 -1 -1 60148 53
0x00004000 17 -1 -1 -1 23001 53
0x00004000 17 -1 -1 -1 23001 53
0x00000000 17 -1 -1 -1 21046 514
0x00000000 17 -1 -1 -1 53 60148
0x00000000 17 -1 -1 -1 21046 514
0x00000000 17 -1 -1 -1 53 23001
0x00000000 17 -1 -1 -1 21046 514
0x00000000 17 -1 -1 -1 53 23001
0x00000000 17 -1 -1 -1 58301 53
0x00000000 17 -1 -1 -1 53 58301
0x00004000 17 -1 -1 -1 50917 53
0x00004000 17 -1 -1 -1 50917 53
0x00000000 17 -1 -1 -1 21046 514
0x00000000 17 -1 -1 -1 53 50917
0x00000000 17 -1 -1 -1 21046 514
0x00000000 17 -1 -1 -1 21046 514
0x00000000 17 -1 -1 -1 53 50917
0x00000000 17 -1 -1 -1 63647 53
0x00000000 17 -1 -1 -1 53 63647
0x00000000 17 -1 -1 -1 21046 514
0x00000000 17 -1 -1 -1 58125 53
0x00000000 17 -1 -1 -1 53 58125
0x00000000 17 -1 -1 -1 21046 514
0x00000000 17 -1 -1 -1 59897 53
0x00000000 17 -1 -1 -1 59898 53
0x00000000 17 -1 -1 -1 21046 514
0x00000000 17 -1 -1 -1 53 59898
0x00000000 17 -1 -1 -1 21046 514
0x00000000 17 -1 -1 -1 53 59897
0x00000000 17 -1 -1 -1 65168 53
0x00000000 17 -1 -1 -1 53 65168
0x00000000 17 -1 -1 -1 21046 514
0x00000000 17 -1 -1 -1 60953 53
0x00000000 17 -1 -1 -1 21046 514
0x00000000 17 -1 -1 -1 53 60953
0x00000000 17 -1 -1 -1 50209 53
0x00000000 17 -1 -1 -1 65308 53
0x00000000 17 -1 -1 -1 53 65308
0x00000000 17 -1 -1 -1 21046 514
0x00000000 17 -1 -1 -1 57469 53
0x00000000 17 -1 -1 -1 53 57469
0x00000000 17 -1 -1 -1 21046 514
0x00000000 17 -1 -1 -1 59404 53
0x00000000 17 -1 -1 -1 21046 514
0x00000000 17 -1 -1 -1 53 59404
0x00000000 17 -1 -1 -1 49754 53
0x00000000 17 -1 -1 -1 21046 514
0x00000000 17 -1 -1 -1 53 49754
0x00000000 17 -1 -1 -1 53001 53
0x00000000 17 -1 -1 -1 53 53001
0x00000000 17 -1 -1 -1 21046 514
0x00000000 17 -1 -1 -1 61291 53
0x00000000 17 -1 -1 -1 49326 53
0x00000000 17 -1 -1 -1 53 61291
0x00000000 17 -1 -1 -1 21046 514
0x00000000 17 -1 -1 -1 53 49326
0x00000000 17 -1 -1 -1 21046 514
0x00000000 17 -1 -1 -1 61195 53
0x00000000 17 -1 -1 -1 49810 53
0x00000000 17 -1 -1 -1 53 49810
0x00000000 17 -1 -1 -1 21046 514
0x00000000 17 -1 -1 -1 51128 53
0x00000000 17 -1 -1 -1 21046 514
0x00000000 17 -1 -1 -1 65358 53
0x00000000 17 -1 -1 -1 61298 53
0x00000000 17 -1 -1 -1 21046 514
0x00000000 17 -1 -1 -1 53 61298
0x00000000 17 -1 -1 -1 61299 53
0x00000000 17 -1 -1 -1 21046 514
0x00000000 17 -1 -1 -1 53 61299
0x00004000 17 -1 -1 -1 9618 53
0x00004000 17 -1 -1 -1 9618 53
0x00000000 17 -1 -1 -1 21046 514
0x00000000 17 -1 -1 -1 53 9618
0x00000000 17 -1 -1 -1 21046 514
0x00000000 17 -1 -1 -1 53 9618
0x00000000 17 -1 -1 -1 50795 53
0x00000000 17 -1 -1 -1 21046 514
0x00000000 17 -1 -1 -1 53 50795
0x00000000 17 -1 -1 -1 61306 53
0x00000000 17 -1 -1 -1 61307 53
0x00000000 17 -1 -1 -1 21046 514
0x00000000 17 -1 -1 -1 53 61306
0x00000000 17 -1 -1 -1 21046 514
0x00000000 17 -1 -1 -1 53 61307
0x00000000 17 -1 -1 -1 58095 53
0x00000000 17 -1 -1 -1 53 58095
0x00000000 17 -1 -1 -1 21046 514
0x00000000 17 -1 -1 -1 54391 53
0x00000000 17 -1 -1 -1 21046 514
0x00000000 17 -1 -1 -1 64505 53
0x00000000 17 -1 -1 -1 53 64505
0x00000000 17 -1 -1 -1 21046 514
0x00000000 17 -1 -1 -1 53 65358
0x00000000 17 -1 -1 -1 53 54391
0x00000000 17 -1 -1 -1 53 51128
0x00000000 17 -1 -1 -1 2979 53
0x00000000 17 -1 -1 -1 21046 514
0x00000000 17 -1 -1 -1 65244 53
0x00000000 17 -1 -1 -1 55967 53
0x00000000 17 -1 -1 -1 21046 514
0x00000000 17 -1 -1 -1 53534 53
0x00000000 17 -1 -1 -1 53 53534
0x00000000 17 -1 -1 -1 53 55967
0x00000000 17 -1 -1 -1 60657 53
0x00000000 17 -1 -1 -1 21046 514
0x00000000 17 -1 -1 -1 53 60657
0x00000000 17 -1 -1 -1 53 50209
0x00000000 17 -1 -1 -1 21046 514
0x00000000 17 -1 -1 -1 53 2979
0x00000000 17 -1 -1 -1 56916 53
0x00000000 17 -1 -1 -1 53 56916
0x00000000 17 -1 -1 -1 21046 514
0x00000000 17 -1 -1 -1 64664 53
0x00000000 17 -1 -1 -1 21046 514
0x00000000 17 -1 -1 -1 53 64664
0x00000000 17 -1 -1 -1 64665 53
0x00000000 17 -1 -1 -1 21046 514
0x00000000 17 -1 -1 -1 53 64665
0x00000000 17 -1 -1 -1 65398 53
0x00000000 17 -1 -1 -1 21046 514
0x00000000 17 -1 -1 -1 50066 53
0x00000000 17 -1 -1 -1 65024 53
0x00000000 17 -1 -1 -1 53 50066
0x00000000 17 -1 -1 -1 53 65024
0x00000000 17 -1 -1 -1 21046 514
0x00000000 17 -1 -1 -1 53 65398
0x00000000 17 -1 -1 -1 62833 53
0x00000000 17 -1 -1 -1 53 62833
0x00000000 17 -1 -1 -1 21046 514
0x00000000 17 -1 -1 -1 65534 53
0x00000000 17 -1 -1 -1 21046 514
0x00000000 17 -1 -1 -1 53 65534
0x00000000 17 -1 -1 -1 53 61195
0x00000000 17 -1 -1 -1 54199 53
0x00000000 17 -1 -1 -1 65335 53
0x00000000 17 -1 -1 -1 21046 514
0x00000000 17 -1 -1 -1 53462 53
0x00000000 1 -1 -1 -1 -1 -1
0x00000000 17 -1 -1 -1 53 53462
0x00000000 17 -1 -1 -1 3277 53
0x00000000 17 -1 -1 -1 21046 514
0x00000000 17 -1 -1 -1 53 3277
0x00000000 17 -1 -1 -1 53 65335
0x00000000 17 -1 -1 -1 1979 53
0x00000000 17 -1 -1 -1 53 1979
0x00000000 17 -1 -1 -1 21046 514
0x00000000 17 -1 -1 -1 2979 53
0x00000000 17 -1 -1 -1 53 2979
0x00000000 17 -1 -1 -1 21046 514
0x00000000 17 -1 -1 -1 52658 53
0x00000000 17 -1 -1 -1 53 52658
0x00000000 17 -1 -1 -1 21046 514
0x00000000 17 -1 -1 -1 50622 53
0x00000000 17 -1 -1 -1 53 50622
0x00000000 17 -1 -1 -1 21046 514
0x00000000 17 -1 -1 -1 55064 53
0x00000000 17 -1 -1 -1 53 55064
0x00000000 17 -1 -1 -1 21046 514
0x00000000 17 -1 -1 -1 65019 53
0x00000000 17 -1 -1 -1 53 65019
0x00000000 17 -1 -1 -1 21046 514
0x00000000 17 -1 -1 -1 65020 53
0x00000000 17 -1 -1 -1 53 65020
0x00000000 17 -1 -1 -1 21046 514
0x00000000 17 -1 -1 -1 3338 53
0x00000000 17 -1 -1 -1 65404 53
0x00000000 17 -1 -1 -1 59578 53
0x00000000 17 -1 -1 -1 57840 53
0x00000000 17 -1 -1 -1 59579 53
0x00000000 17 -1 -1 -1 53 3338
0x00000000 17 -1 -1 -1 53 65404
0x00000000 17 -1 -1 -1 21046 514
0x00000000 17 -1 -1 -1 21046 514
0x00000000 17 -1 -1 -1 21046 514
0x00000000 17 -1 -1 -1 21046 514
0x00000000 17 -1 -1 -1 53 59579
0x00000000 17 -1 -1 -1 21046 514
0x00000000 17 -1 -1 -1 53 59578
0x00000000 17 -1 -1 -1 53 57840
0x00000000 1 -1 -1 -1 -1 -1
0x00000000 17 -1 -1 -1 57669 53
0x00000000 17 -1 -1 -1 53 57669
0x00000000 17 -1 -1 -1 21046 514
0x00004000 17 -1 -1 -1 31436 53
0x00004000 17 -1 -1 -1 31436 53
0x00000000 17 -1 -1 -1 53 31436
0x00000000 17 -1 -1 -1 21046 514
0x00000000 17 -1 -1 -1 21046 514
0x00000000 17 -1 -1 -1 53 31436
0x00000000 17 -1 -1 -1 65217 53
0x00000000 17 -1 -1 -1 53 65217
0x00000000 17 -1 -1 -1 21046 514
0x00000000 17 -1 -1 -1 60357 53
0x00000000 17 -1 -1 -1 53 60357
0x00000000 17 -1 -1 -1 21046 514
0x00000000 17 -1 -1 -1 56965 53
0x00000000 17 -1 -1 -1 21046 514
0x00000000 17 -1 -1 -1 62594 53
0x00000000 17 -1 -1 -1 53 62594
0x00000000 17 -1 -1 -1 53 56965
0x00000000 17 -1 -1 -1 54233 53
0x00000000 17 -1 -1 -1 54234 53
0x00000000 17 -1 -1 -1 21046 514
0x00000000 17 -1 -1 -1 53 54233
0x00000000 17 -1 -1 -1 21046 514
0x00000000 17 -1 -1 -1 53 54234
0x00000000 17 -1 -1 -1 49319 53
0x00000000 17 -1 -1 -1 53 49319
0x00000000 17 -1 -1 -1 21046 514
0x00000000 1 -1 -1 -1 -1 -1
0x00000000 17 -1 -1 -1 56300 53
0x00000000 17 -1 -1 -1 53 56300
0x00000000 17 -1 -1 -1 21046 514
0x00000000 17 -1 -1 -1 53 54199
0x00004000 6 37997 53 0x00000002 -1 -1
0x00000000 17 -1 -1 -1 53738 53
0x00000000 17 -1 -1 -1 53 53738
0x00000000 17 -1 -1 -1 21046 514
0x00000000 17 -1 -1 -1 64147 53
0x00000000 17 -1 -1 -1 53 64147
0x00000000 17 -1 -1 -1 21046 514
0x00000000 17 -1 -1 -1 65290 53
0x00000000 17 -1 -1 -1 64222 53
0x00000000 17 -1 -1 -1 21046 514
0x00000000 17 -1 -1 -1 21046 514
0x00000000 17 -1 -1 -1 55875 53
0x00000000 17 -1 -1 -1 56921 53
0x00000000 17 -1 -1 -1 53 56921
0x00000000 17 -1 -1 -1 53 64222
0x00000000 17 -1 -1 -1 51742 53
0x00000000 17 -1 -1 -1 21046 514
0x00000000 17 -1 -1 -1 62852 53
0x00000000 17 -1 -1 -1 49675 53
0x00000000 17 -1 -1 -1 53 49675
0x00000000 17 -1 -1 -1 21046 514
0x00000000 17 -1 -1 -1 53 62852
0x00000000 17 -1 -1 -1 53 51742
0x00000000 17 -1 -1 -1 55728 53
0x00000000 17 -1 -1 -1 53 55728
0x00000000 17 -1 -1 -1 21046 514
0x00000000 17 -1 -1 -1 64839 53
0x00000000 17 -1 -1 -1 53 64839
0x00000000 17 -1 -1 -1 21046 514
0x00004000 17 -1 -1 -1 31626 53
0x00000000 17 -1 -1 -1 53 31626
0x00000000 17 -1 -1 -1 21046 514
0x00004000 17 -1 -1 -1 11046 53
0x00000000 17 -1 -1 -1 53 11046
0x00000000 17 -1 -1 -1 21046 514
0x00004000 17 -1 -1 -1 60625 53
0x00000000 17 -1 -1 -1 21046 514
0x00000000 17 -1 -1 -1 54025 53
0x00000000 17 -1 -1 -1 53 54025
0x00000000 17 -1 -1 -1 21046 514
0x00000000 1 -1 -1 -1 -1 -1
0x00000000 17 -1 -1 -1 53 55875
0x00000000 17 -1 -1 -1 53 60625
0x00000000 17 -1 -1 -1 53 65290
0x00000000 17 -1 -1 -1 1809 53
0x00000000 17 -1 -1 -1 53 1809
0x00000000 17 -1 -1 -1 53 65244
0x00000000 17 -1 -1 -1 21046 514
0x00000000 17 -1 -1 -1 53528 53
0x00004000 17 -1 -1 -1 45163 53
0x00000000 17 -1 -1 -1 53 45163
0x00000000 17 -1 -1 -1 21046 514
0x00000000 17 -1 -1 -1 1979 53
0x00000000 17 -1 -1 -1 53 1979
0x00000000 17 -1 -1 -1 21046 514
0x00000000 17 -1 -1 -1 55674 53
0x00000000 17 -1 -1 -1 53 55674
0x00000000 17 -1 -1 -1 21046 514
0x00000000 17 -1 -1 -1 55675 53
0x00000000 17 -1 -1 -1 21046 514
0x00000000 17 -1 -1 -1 53 55675
0x00000000 17 -1 -1 -1 56822 53
0x00000000 17 -1 -1 -1 53 56822
0x00000000 17 -1 -1 -1 21046 514
0x00000000 17 -1 -1 -1 64134 53
0x00000000 17 -1 -1 -1 21046 514
0x00000000 17 -1 -1 -1 56150 53
0x00000000 17 -1 -1 -1 54555 53
0x00000000 17 -1 -1 -1 21046 514
0x00000000 17 -1 -1 -1 54849 53
0x00000000 17 -1 -1 -1 58709 53
0x00000000 17 -1 -1 -1 21046 514
0x00000000 17 -1 -1 -1 59769 53
0x00000000 1 -1 -1 -1 -1 -1
0x00000000 17 -1 -1 -1 53 54849
0x00000000 17 -1 -1 -1 59342 53
0x00000000 17 -1 -1 -1 53 54555
0x00000000 17 -1 -1 -1 53 64134
0x00000000 17 -1 -1 -1 53 59769
0x00000000 17 -1 -1 -1 53 58709
0x00000000 17 -1 -1 -1 55682 53
0x00000000 17 -1 -1 -1 21046 514
0x00000000 17 -1 -1 -1 53 55682
0x00000000 17 -1 -1 -1 55683 53
0x00000000 17 -1 -1 -1 57684 53
0x00000000 17 -1 -1 -1 21046 514
0x00000000 17 -1 -1 -1 53 55683
0x00000000 17 -1 -1 -1 21046 514
0x00000000 17 -1 -1 -1 53 57684
0x00000000 17 -1 -1 -1 59931 53
0x00000000 17 -1 -1 -1 21046 514
0x00000000 17 -1 -1 -1 53635 53
0x00000000 17 -1 -1 -1 62597 53
0x00000000 17 -1 -1 -1 21046 514
0x00000000 17 -1 -1 -1 53 62597
0x00000000 17 -1 -1 -1 53 53635
0x00000000 17 -1 -1 -1 55462 53
0x00000000 17 -1 -1 -1 53 59931
0x00000000 17 -1 -1 -1 21046 514
0x00000000 17 -1 -1 -1 56690 53
0x00000000 17 -1 -1 -1 51736 53
0x00000000 17 -1 -1 -1 21046 514
0x00000000 17 -1 -1 -1 61710 53
0x00000000 17 -1 -1 -1 3338 53
0x00000000 17 -1 -1 -1 21046 514
0x00000000 17 -1 -1 -1 53 3338
0x00000000 17 -1 -1 -1 53 56690
0x00000000 17 -1 -1 -1 53 61710
0x00000000 17 -1 -1 -1 53 55462
0x00000000 17 -1 -1 -1 53 51736
0x00000000 17 -1 -1 -1 53933 53
0x00000000 17 -1 -1 -1 53 53933
0x00000000 17 -1 -1 -1 21046 514
0x00004000 6 53 37997 0x00000012 -1 -1
0x00004000 6 37997 53 0x00000010 -1 -1
0x00004000 6 37997 53 0x00000018 -1 -1
0x00000000 17 -1 -1 -1 49162 53
0x00000000 17 -1 -1 -1 21046 514
0x00000000 17 -1 -1 -1 53 49162
0x00000000 17 -1 -1 -1 65114 53
0x00000000 17 -1 -1 -1 21046 514
0x00000000 17 -1 -1 -1 53 65114
0x00000000 17 -1 -1 -1 2979 53
0x00000000 17 -1 -1 -1 53 2979
0x00000000 17 -1 -1 -1 21046 514
0x00000000 17 -1 -1 -1 64962 53
0x00000000 17 -1 -1 -1 57482 53
0x00000000 17 -1 -1 -1 21046 514
0x00000000 17 -1 -1 -1 53 57482
0x00000000 17 -1 -1 -1 21046 514
0x00000000 17 -1 -1 -1 51591 53
0x00000000 17 -1 -1 -1 63500 53
0x00000000 17 -1 -1 -1 21046 514
0x00000000 17 -1 -1 -1 65328 53
0x00000000 17 -1 -1 -1 53 51591
0x00000000 17 -1 -1 -1 63450 53
0x00000000 17 -1 -1 -1 53 64962
0x00000000 17 -1 -1 -1 21046 514
0x00000000 17 -1 -1 -1 53 63450
0x00000000 17 -1 -1 -1 57984 53
0x00000000 17 -1 -1 -1 53 57984
0x00000000 17 -1 -1 -1 21046 514
0x00000000 17 -1 -1 -1 55320 53
0x00000000 17 -1 -1 -1 53 55320
0x00000000 17 -1 -1 -1 21046 514
0x00000000 17 -1 -1 -1 53 65328
0x00000000 17 -1 -1 -1 53 63500
0x00000000 1 -1 -1 -1 -1 -1
0x00000000 17 -1 -1 -1 60352 53
0x00000000 17 -1 -1 -1 53 60352
0x00000000 17 -1 -1 -1 21046 514
0x00000000 17 -1 -1 -1 50155 53
0x00000000 17 -1 -1 -1 21046 514
0x00000000 17 -1 -1 -1 53 50155
0x00000000 17 -1 -1 -1 62648 53
0x00000000 17 -1 -1 -1 21046 514
0x00000000 17 -1 -1 -1 53 62648
0x00000000 17 -1 -1 -1 64255 53
0x00000000 17 -1 -1 -1 53 59342
0x00000000 17 -1 -1 -1 64256 53
0x00000000 17 -1 -1 -1 53 64256
0x00000000 17 -1 -1 -1 21046 514
0x00000000 17 -1 -1 -1 21046 514
0x00000000 17 -1 -1 -1 53 64255
0x00004000 17 -1 -1 -1 35719 53
0x00004000 17 -1 -1 -1 35719 53
0x00000000 17 -1 -1 -1 53 35719
0x00000000 17 -1 -1 -1 21046 514
0x00000000 17 -1 -1 -1 21046 514
0x00000000 17 -1 -1 -1 53 35719
0x00000000 17 -1 -1 -1 53 56150
0x00000000 17 -1 -1 -1 58566 53
0x00000000 17 -1 -1 -1 21046 514
0x00000000 17 -1 -1 -1 53920 53
0x00000000 17 -1 -1 -1 64263 53
0x00000000 17 -1 -1 -1 21046 514
0x00000000 17 -1 -1 -1 64264 53
0x00000000 17 -1 -1 -1 53 64263
0x00000000 17 -1 -1 -1 21046 514
0x00000000 17 -1 -1 -1 53 64264
0x00000000 17 -1 -1 -1 64271 53
0x00000000 17 -1 -1 -1 64272 53
0x00000000 17 -1 -1 -1 137 137
0x00000000 1 -1 -1 -1 -1 -1
0x00000000 17 -1 -1 -1 21046 514
0x00000000 17 -1 -1 -1 53 64271
0x00000000 17 -1 -1 -1 21046 514
0x00000000 17 -1 -1 -1 53 64272
0x00000000 17 -1 -1 -1 49293 53
0x00000000 17 -1 -1 -1 21046 514
0x00000000 17 -1 -1 -1 49954 53
0x00000000 17 -1 -1 -1 54080 53
0x00000000 17 -1 -1 -1 21046 514
0x00000000 17 -1 -1 -1 53 54080
0x00004000 17 -1 -1 -1 47121 53
0x00004000 17 -1 -1 -1 47121 53
0x00000000 17 -1 -1 -1 53 49954
0x00000000 17 -1 -1 -1 53 47121
0x00000000 17 -1 -1 -1 21046 514
0x00000000 17 -1 -1 -1 53 47121
0x00000000 17 -1 -1 -1 21046 514
0x00000000 17 -1 -1 -1 53 49293
0x00000000 17 -1 -1 -1 54165 53
0x00000000 17 -1 -1 -1 21046 514
0x00000000 17 -1 -1 -1 57757 53
0x00000000 17 -1 -1 -1 53 57757
0x00000000 17 -1 -1 -1 53 54165
0x00000000 17 -1 -1 -1 49162 53
0x00000000 17 -1 -1 -1 53 49162
0x00000000 17 -1 -1 -1 21046 514
0x00000000 17 -1 -1 -1 54126 53
0x00000000 17 -1 -1 -1 21046 514
0x00000000 17 -1 -1 -1 51245 53
0x00000000 17 -1 -1 -1 2979 53
0x00000000 17 -1 -1 -1 21046 514
0x00000000 17 -1 -1 -1 51791 53
0x00000000 17 -1 -1 -1 55485 53
0x00000000 17 -1 -1 -1 53 55485
0x00000000 17 -1 -1 -1 21046 514
0x00004000 6 53 37997 0x00000018 -1 -1
0x00000000 17 -1 -1 -1 65371 53
0x00004000 6 37997 53 0x00000011 -1 -1
0x00000000 17 -1 -1 -1 65423 53
0x00000000 17 -1 -1 -1 53 65423
0x00000000 17 -1 -1 -1 21046 514
0x00000000 1 -1 -1 -1 -1 -1
0x00000000 17 -1 -1 -1 51057 53
0x00000000 17 -1 -1 -1 53 51057
0x00000000 17 -1 -1 -1 21046 514
0x00000000 17 -1 -1 -1 4421 53
0x00000000 17 -1 -1 -1 21046 514
0x00000000 17 -1 -1 -1 53 4421
0x00000000 17 -1 -1 -1 53 53920
0x00000000 17 -1 -1 -1 53 58566
0x00000000 17 -1 -1 -1 64619 53
0x00000000 17 -1 -1 -1 21046 514
0x00000000 17 -1 -1 -1 53 64619
0x00000000 17 -1 -1 -1 4421 53
0x00000000 17 -1 -1 -1 21046 514
0x00000000 17 -1 -1 -1 53 4421
0x00000000 17 -1 -1 -1 1930 53
0x00000000 17 -1 -1 -1 21046 514
0x00000000 17 -1 -1 -1 53 1930
0x00000000 17 -1 -1 -1 3035 53
0x00000000 17 -1 -1 -1 53 3035
0x00000000 17 -1 -1 -1 21046 514
0x00000000 17 -1 -1 -1 1582 53
0x00000000 17 -1 -1 -1 21046 514
0x00000000 17 -1 -1 -1 53 1582
0x00000000 17 -1 -1 -1 55486 53
0x00000000 17 -1 -1 -1 53 55486
0x00000000 17 -1 -1 -1 21046 514
0x00000000 17 -1 -1 -1 55487 53
0x00000000 17 -1 -1 -1 21046 514
0x00000000 17 -1 -1 -1 53 55487
0x00000000 17 -1 -1 -1 56485 53
0x00000000 17 -1 -1 -1 53 56485
0x00000000 17 -1 -1 -1 64811 53
0x00000000 17 -1 -1 -1 21046 514
0x00000000 17 -1 -1 -1 53 64811
0x00000000 17 -1 -1 -1 21046 514
0x00000000 17 -1 -1 -1 64391 53
0x00000000 17 -1 -1 -1 21046 514
0x00000000 17 -1 -1 -1 64267 53
0x00000000 17 -1 -1 -1 54231 53
0x00000000 17 -1 -1 -1 53 54231
0x00000000 17 -1 -1 -1 21046 514
0x00000000 17 -1 -1 -1 58043 53
0x00000000 17 -1 -1 -1 21046 514
0x00000000 17 -1 -1 -1 58716 53
0x00000000 17 -1 -1 -1 50636 53
0x00000000 17 -1 -1 -1 21046 514
0x00000000 17 -1 -1 -1 63098 53
0x00000000 17 -1 -1 -1 53 58716
0x00000000 17 -1 -1 -1 53 58043
0x00000000 17 -1 -1 -1 52528 53
0x00000000 17 -1 -1 -1 21046 514
0x00000000 17 -1 -1 -1 53 52528
0x00000000 17 -1 -1 -1 53 63098
0x00000000 17 -1 -1 -1 53 50636
0x00000000 17 -1 -1 -1 56966 53
0x00000000 17 -1 -1 -1 56967 53
0x00000000 17 -1 -1 -1 53 56966
0x00000000 17 -1 -1 -1 21046 514
0x00000000 17 -1 -1 -1 21046 514
0x00000000 17 -1 -1 -1 53 56967
0x00000000 1 -1 -1 -1 -1 -1
0x00000000 17 -1 -1 -1 65445 53
0x00000000 17 -1 -1 -1 53 65445
0x00000000 17 -1 -1 -1 21046 514
0x00004000 17 -1 -1 -1 37038 53
0x00004000 17 -1 -1 -1 37038 53
0x00000000 17 -1 -1 -1 53 37038
0x00000000 17 -1 -1 -1 21046 514
0x00000000 17 -1 -1 -1 53 37038
0x00000000 17 -1 -1 -1 21046 514
0x00000000 17 -1 -1 -1 65085 53
0x00000000 17 -1 -1 -1 65086 53
0x00000000 17 -1 -1 -1 53 65085
0x00000000 17 -1 -1 -1 21046 514
0x00000000 17 -1 -1 -1 21046 514
0x00000000 17 -1 -1 -1 53 65086
0x00000000 17 -1 -1 -1 64567 53
0x00000000 17 -1 -1 -1 21046 514
0x00000000 17 -1 -1 -1 53 64567
0x00000000 17 -1 -1 -1 57537 53
0x00000000 1 -1 -1 -1 -1 -1
0x00000000 17 -1 -1 -1 53 57537
0x00000000 17 -1 -1 -1 21046 514
0x00000000 17 -1 -1 -1 60843 53
0x00000000 17 -1 -1 -1 21046 514
0x00000000 17 -1 -1 -1 52031 53
0x00000000 17 -1 -1 -1 21046 514
0x00000000 17 -1 -1 -1 53 52031
0x00000000 17 -1 -1 -1 3035 53
0x00000000 17 -1 -1 -1 53 3035
0x00000000 17 -1 -1 -1 21046 514
0x00000000 1 -1 -1 -1 -1 -1
0x00000000 17 -1 -1 -1 64144 53
0x00000000 17 -1 -1 -1 64891 53
0x00000000 17 -1 -1 -1 21046 514
0x00000000 17 -1 -1 -1 53 64891
0x00000000 17 -1 -1 -1 21046 514
0x00000000 17 -1 -1 -1 64949 53
0x00000000 17 -1 -1 -1 64573 53
0x00000000 17 -1 -1 -1 21046 514
0x00000000 17 -1 -1 -1 53 64949
0x00000000 17 -1 -1 -1 64911 53
0x00000000 17 -1 -1 -1 21046 514
0x00000000 17 -1 -1 -1 53 64911
0x00000000 17 -1 -1 -1 64850 53
0x00000000 17 -1 -1 -1 21046 514
0x00000000 17 -1 -1 -1 56329 53
0x00000000 17 -1 -1 -1 63069 53
0x00000000 17 -1 -1 -1 53 63069
0x00000000 17 -1 -1 -1 21046 514
0x00000000 17 -1 -1 -1 53 56329
0x00000000 17 -1 -1 -1 53 64850
0x00000000 17 -1 -1 -1 60707 53
0x00000000 17 -1 -1 -1 53 60707
0x00000000 17 -1 -1 -1 21046 514
0x00004000 6 53 37997 0x00000010 -1 -1
0x00004000 6 53 37997 0x00000011 -1 -1
0x00004000 6 37997 53 0x00000010 -1 -1
0x00000000 17 -1 -1 -1 49695 53
0x00000000 17 -1 -1 -1 21046 514
0x00000000 17 -1 -1 -1 65453 53
0x00000000 17 -1 -1 -1 53 65453
0x00000000 17 -1 -1 -1 53 49695
0x00004000 17 -1 -1 -1 58722 53
0x00000000 17 -1 -1 -1 21046 514
0x00000000 17 -1 -1 -1 64157 53
0x00000000 17 -1 -1 -1 53 64157
0x00000000 17 -1 -1 -1 21046 514
0x00000000 17 -1 -1 -1 2979 53
0x00000000 17 -1 -1 -1 21046 514
0x00000000 17 -1 -1 -1 61645 53
0x00000000 17 -1 -1 -1 53 61645
0x00000000 17 -1 -1 -1 53 2979
0x00000000 17 -1 -1 -1 123 123
0x00000000 17 -1 -1 -1 3680 53
0x00000000 17 -1 -1 -1 123 123
0x00000000 17 -1 -1 -1 21046 514
0x00000000 17 -1 -1 -1 53 3680
0x00000000 17 -1 -1 -1 51579 53
0x00000000 17 -1 -1 -1 51580 53
0x00000000 17 -1 -1 -1 21046 514
0x00000000 17 -1 -1 -1 53 51579
0x00000000 17 -1 -1 -1 21046 514
0x00000000 17 -1 -1 -1 53 51580
0x00000000 17 -1 -1 -1 56983 53
0x00000000 17 -1 -1 -1 21046 514
0x00000000 17 -1 -1 -1 53 56983
0x00000000 17 -1 -1 -1 53812 53
0x00000000 17 -1 -1 -1 53 53812
0x00000000 17 -1 -1 -1 21046 514
0x00000000 17 -1 -1 -1 53 64267
0x00000000 17 -1 -1 -1 53 60843
0x00000000 17 -1 -1 -1 53 64391
0x00000000 17 -1 -1 -1 53519 53
0x00000000 17 -1 -1 -1 53 53519
0x00000000 17 -1 -1 -1 21046 514
0x00000000 17 -1 -1 -1 1512 53
0x00000000 17 -1 -1 -1 21046 514
0x00000000 17 -1 -1 -1 53 1512
0x00004000 17 -1 -1 -1 123 123
0x00000000 17 -1 -1 -1 4316 53
0x00000000 17 -1 -1 -1 53 4316
0x00000000 17 -1 -1 -1 21046 514
0x00000000 17 -1 -1 -1 54993 53
0x00000000 17 -1 -1 -1 53 54993
0x00000000 17 -1 -1 -1 21046 514
0x00000000 17 -1 -1 -1 63678 53
0x00000000 17 -1 -1 -1 63679 53
0x00000000 17 -1 -1 -1 53 63678
0x00000000 17 -1 -1 -1 21046 514
0x00000000 17 -1 -1 -1 21046 514
0x00000000 17 -1 -1 -1 53 63679
0x00000000 1 -1 -1 -1 -1 -1
0x00000000 1 -1 -1 -1 -1 -1
0x00004000 1 -1 -1 -1 -1 -1
0x00004000 1 -1 -1 -1 -1 -1
0x00000000 17 -1 -1 -1 4316 53
0x00000000 17 -1 -1 -1 53 4316
0x00000000 17 -1 -1 -1 21046 514
0x00000000 17 -1 -1 -1 56077 53
0x00000000 17 -1 -1 -1 60498 53
0x00000000 17 -1 -1 -1 53 56077
0x00000000 17 -1 -1 -1 21046 514
0x00000000 17 -1 -1 -1 21046 514
0x00000000 17 -1 -1 -1 53 60498
0x00000000 17 -1 -1 -1 56078 53
0x00000000 17 -1 -1 -1 53 56078
0x00000000 17 -1 -1 -1 21046 514
0x00000000 17 -1 -1 -1 58192 53
0x00000000 17 -1 -1 -1 53 58192
0x00000000 17 -1 -1 -1 21046 514
0x00000000 17 -1 -1 -1 59788 53
0x00000000 17 -1 -1 -1 53 59788
0x00000000 17 -1 -1 -1 21046 514
0x00000000 17 -1 -1 -1 53 51245
0x00000000 17 -1 -1 -1 53 54126
0x00000000 17 -1 -1 -1 56750 53
0x00000000 17 -1 -1 -1 53 56750
0x00000000 17 -1 -1 -1 21046 514
0x00000000 17 -1 -1 -1 53113 53
0x00000000 17 -1 -1 -1 53 53113
0x00000000 17 -1 -1 -1 21046 514
0x00000000 17 -1 -1 -1 52272 53
0x00000000 17 -1 -1 -1 53 52272
0x00000000 17 -1 -1 -1 21046 514
0x00000000 17 -1 -1 -1 55050 53
0x00000000 17 -1 -1 -1 53 55050
0x00000000 17 -1 -1 -1 21046 514
0x00000000 17 -1 -1 -1 61305 53
0x00000000 17 -1 -1 -1 21046 514
0x00000000 17 -1 -1 -1 53 61305
0x00000000 17 -1 -1 -1 64903 53
0x00000000 17 -1 -1 -1 21046 514
0x00000000 17 -1 -1 -1 51924 53
0x00000000 17 -1 -1 -1 53 51924
0x00000000 17 -1 -1 -1 56665 53
0x00000000 17 -1 -1 -1 55704 53
0x00000000 17 -1 -1 -1 55705 53
0x00000000 17 -1 -1 -1 53 55705
0x00000000 17 -1 -1 -1 21046 514
0x00000000 17 -1 -1 -1 21046 514
0x00000000 17 -1 -1 -1 53 55704
0x00000000 17 -1 -1 -1 53 56665
0x00000000 17 -1 -1 -1 53 64903
0x00000000 1 -1 -1 -1 -1 -1
0x00000000 17 -1 -1 -1 65008 53
0x00000000 17 -1 -1 -1 21046 514
0x00000000 17 -1 -1 -1 54958 53
0x00000000 17 -1 -1 -1 57563 53
0x00000000 1 -1 -1 -1 -1 -1
0x00000000 17 -1 -1 -1 53 57563
0x00000000 17 -1 -1 -1 21046 514
0x00000000 17 -1 -1 -1 53 54958
0x00000000 17 -1 -1 -1 53 65008
0x00000000 17 -1 -1 -1 58744 53
0x00000000 17 -1 -1 -1 21046 514
0x00000000 17 -1 -1 -1 53 58744
0x00000000 17 -1 -1 -1 61630 53
0x00000000 17 -1 -1 -1 21046 514
0x00000000 17 -1 -1 -1 53 61630
0x00000000 17 -1 -1 -1 53 64573
0x00000000 17 -1 -1 -1 53 58722
0x00000000 17 -1 -1 -1 53 64144
0x00004000 17 -1 -1 -1 40679 53
0x00004000 17 -1 -1 -1 40679 53
0x00000000 17 -1 -1 -1 53 40679
0x00000000 17 -1 -1 -1 21046 514
0x00000000 17 -1 -1 -1 53 40679
0x00000000 17 -1 -1 -1 21046 514
0x00000000 17 -1 -1 -1 58811 53
0x00000000 17 -1 -1 -1 53 58811
0x00000000 17 -1 -1 -1 21046 514
0x00000000 17 -1 -1 -1 58412 53
0x00000000 17 -1 -1 -1 53 58412
0x00000000 17 -1 -1 -1 21046 514
0x00000000 17 -1 -1 -1 2465 53
0x00000000 17 -1 -1 -1 53 2465
0x00000000 17 -1 -1 -1 21046 514
0x00000000 1 -1 -1 -1 -1 -1
0x00000000 17 -1 -1 -1 49288 53
0x00000000 17 -1 -1 -1 53 49288
0x00000000 17 -1 -1 -1 21046 514
0x00000000 17 -1 -1 -1 63289 53
0x00000000 17 -1 -1 -1 53 63289
0x00000000 17 -1 -1 -1 21046 514
0x00000000 17 -1 -1 -1 21046 514
0x00000000 17 -1 -1 -1 65265 53
0x00000000 17 -1 -1 -1 21046 514
0x00000000 17 -1 -1 -1 63070 53
0x00000000 17 -1 -1 -1 49749 53
0x00000000 17 -1 -1 -1 21046 514
0x00000000 17 -1 -1 -1 64437 53
0x00000000 17 -1 -1 -1 53 64437
0x00000000 17 -1 -1 -1 53 49749
0x00000000 17 -1 -1 -1 57940 53
0x00000000 17 -1 -1 -1 21046 514
0x00000000 17 -1 -1 -1 49662 53
0x00000000 17 -1 -1 -1 53 63070
0x00000000 17 -1 -1 -1 53 65265
0x00000000 17 -1 -1 -1 63418 53
0x00000000 17 -1 -1 -1 56881 53
0x00000000 17 -1 -1 -1 53 56881
0x00000000 17 -1 -1 -1 21046 514
0x00000000 17 -1 -1 -1 21046 514
0x00000000 17 -1 -1 -1 53 63418
0x00000000 17 -1 -1 -1 53 49662
0x00000000 17 -1 -1 -1 3386 53
0x00000000 17 -1 -1 -1 53 3386
0x00000000 17 -1 -1 -1 21046 514
0x00000000 17 -1 -1 -1 53 57940
0x00000000 17 -1 -1 -1 2556 53
0x00000000 17 -1 -1 -1 53 2556
0x00000000 17 -1 -1 -1 21046 514
0x00000000 17 -1 -1 -1 57680 53
0x00000000 17 -1 -1 -1 53 57680
0x00000000 17 -1 -1 -1 21046 514
0x00000000 17 -1 -1 -1 57814 53
0x00000000 17 -1 -1 -1 21046 514
0x00000000 17 -1 -1 -1 53 57814
0x00000000 17 -1 -1 -1 51925 53
0x00000000 17 -1 -1 -1 53 51925
0x00000000 17 -1 -1 -1 21046 514
0x00000000 17 -1 -1 -1 62660 53
0x00000000 17 -1 -1 -1 21046 514
0x00000000 17 -1 -1 -1 53 62660
0x00000000 17 -1 -1 -1 64692 53
0x00000000 17 -1 -1 -1 53 64692
0x00000000 17 -1 -1 -1 21046 514
0x00004000 17 -1 -1 -1 28193 53
0x00004000 17 -1 -1 -1 28193 53
0x00000000 17 -1 -1 -1 53 28193
0x00000000 17 -1 -1 -1 21046 514
0x00000000 17 -1 -1 -1 53 28193
0x00000000 17 -1 -1 -1 21046 514
0x00000000 17 -1 -1 -1 1121 53
0x00000000 17 -1 -1 -1 21046 514
0x00000000 17 -1 -1 -1 53 1121
0x00000000 17 -1 -1 -1 50999 53
0x00000000 17 -1 -1 -1 53 50999
0x00000000 17 -1 -1 -1 21046 514
0x00000000 17 -1 -1 -1 54042 53
0x00000000 17 -1 -1 -1 53782 53
0x00000000 17 -1 -1 -1 53 53782
0x00000000 17 -1 -1 -1 21046 514
0x00000000 17 -1 -1 -1 21046 514
0x00000000 17 -1 -1 -1 53 54042
0x00000000 17 -1 -1 -1 53 51791
0x00000000 17 -1 -1 -1 53 2979
0x00000000 17 -1 -1 -1 60775 53
0x00000000 17 -1 -1 -1 21046 514
0x00000000 17 -1 -1 -1 53 60775
0x00000000 17 -1 -1 -1 50295 53
0x00000000 17 -1 -1 -1 50296 53
0x00004000 17 -1 -1 -1 15091 53
0x00000000 17 -1 -1 -1 21046 514
0x00000000 17 -1 -1 -1 53 50296
0x00000000 17 -1 -1 -1 53 50295
0x00000000 17 -1 -1 -1 21046 514
0x00000000 17 -1 -1 -1 21046 514
0x00000000 17 -1 -1 -1 53 15091
0x00004000 17 -1 -1 -1 49675 53
0x00000000 17 -1 -1 -1 53 49675
0x00000000 17 -1 -1 -1 21046 514
0x00000000 17 -1 -1 -1 61588 53
0x00000000 17 -1 -1 -1 53 61588
0x00000000 17 -1 -1 -1 21046 514
0x00000000 17 -1 -1 -1 60183 53
0x00000000 17 -1 -1 -1 53 60183
0x00000000 17 -1 -1 -1 21046 514
0x00000000 17 -1 -1 -1 59894 53
0x00000000 17 -1 -1 -1 53 59894
0x00000000 17 -1 -1 -1 59895 53
0x00000000 17 -1 -1 -1 21046 514
0x00000000 17 -1 -1 -1 53 59895
0x00000000 17 -1 -1 -1 21046 514
0x00000000 17 -1 -1 -1 64807 53
0x00000000 17 -1 -1 -1 21046 514
0x00000000 17 -1 -1 -1 54486 53
0x00000000 17 -1 -1 -1 50634 53
0x00000000 17 -1 -1 -1 21046 514
0x00000000 17 -1 -1 -1 53 50634
0x00000000 17 -1 -1 -1 58959 53
0x00000000 17 -1 -1 -1 61606 53
0x00000000 17 -1 -1 -1 53 61606
0x00000000 17 -1 -1 -1 21046 514
0x00000000 17 -1 -1 -1 53 58959
0x00000000 17 -1 -1 -1 53 54486
0x00000000 17 -1 -1 -1 53 64807
0x00000000 17 -1 -1 -1 49649 53
0x00000000 1 -1 -1 -1 -1 -1
0x00000000 17 -1 -1 -1 49890 53
0x00000000 17 -1 -1 -1 21046 514
0x00000000 17 -1 -1 -1 21046 514
0x00000000 17 -1 -1 -1 53 49890
0x00000000 17 -1 -1 -1 57522 53
0x00000000 17 -1 -1 -1 57364 53
0x00000000 17 -1 -1 -1 21046 514
0x00000000 17 -1 -1 -1 53 57364
0x00000000 17 -1 -1 -1 65076 53
0x00000000 17 -1 -1 -1 21046 514
0x00000000 17 -1 -1 -1 53 65076
0x00000000 17 -1 -1 -1 59149 53
0x00000000 17 -1 -1 -1 53 59149
0x00000000 17 -1 -1 -1 21046 514
0x00000000 17 -1 -1 -1 52409 53
0x00000000 17 -1 -1 -1 53 52409
0x00000000 17 -1 -1 -1 21046 514
0x00000000 17 -1 -1 -1 49496 53
0x00000000 17 -1 -1 -1 53 49496
0x00000000 17 -1 -1 -1 21046 514
0x00000000 17 -1 -1 -1 51862 53
0x00000000 17 -1 -1 -1 21046 514
0x00000000 17 -1 -1 -1 53 51862
0x00000000 17 -1 -1 -1 65090 53
0x00000000 17 -1 -1 -1 21046 514
0x00000000 17 -1 -1 -1 53 65090
0x00000000 17 -1 -1 -1 64818 53
0x00000000 17 -1 -1 -1 21046 514
0x00000000 17 -1 -1 -1 56075 53
0x00000000 17 -1 -1 -1 52508 53
0x00000000 17 -1 -1 -1 21046 514
0x00000000 17 -1 -1 -1 53 52508
0x00000000 17 -1 -1 -1 59203 53
0x00000000 17 -1 -1 -1 21046 514
0x00000000 17 -1 -1 -1 53 56075
0x00000000 17 -1 -1 -1 53 64818
0x00000000 17 -1 -1 -1 64224 53
0x00000000 17 -1 -1 -1 49543 53
0x00000000 17 -1 -1 -1 21046 514
0x00000000 17 -1 -1 -1 21046 514
0x00000000 17 -1 -1 -1 53 64224
0x00000000 17 -1 -1 -1 59471 53
0x00000000 17 -1 -1 -1 53 59471
0x00000000 17 -1 -1 -1 53 49543
0x00000000 17 -1 -1 -1 58402 53
0x00000000 17 -1 -1 -1 21046 514
0x00000000 17 -1 -1 -1 53 58402
0x00000000 17 -1 -1 -1 52412 53
0x00000000 17 -1 -1 -1 52413 53
0x00000000 17 -1 -1 -1 21046 514
0x00000000 17 -1 -1 -1 53 52412
0x00000000 17 -1 -1 -1 21046 514
0x00000000 17 -1 -1 -1 53 52413
0x00000000 17 -1 -1 -1 60725 53
0x00000000 17 -1 -1 -1 53 60725
0x00000000 17 -1 -1 -1 21046 514
0x00000000 17 -1 -1 -1 62221 53
0x00000000 17 -1 -1 -1 53 62221
0x00000000 17 -1 -1 -1 21046 514
0x00000000 17 -1 -1 -1 58646 53
0x00000000 17 -1 -1 -1 53 58646
0x00000000 17 -1 -1 -1 21046 514
0x00000000 17 -1 -1 -1 51361 53
0x00000000 17 -1 -1 -1 53 51361
0x00000000 17 -1 -1 -1 21046 514
0x00000000 1 -1 -1 -1 -1 -1
0x00000000 17 -1 -1 -1 50939 53
0x00000000 17 -1 -1 -1 53 50939
0x00000000 17 -1 -1 -1 21046 514
0x00000000 17 -1 -1 -1 48990 53
0x00000000 17 -1 -1 -1 21046 514
0x00000000 17 -1 -1 -1 53 48990
0x00000000 17 -1 -1 -1 41988 514
0x00004000 17 -1 -1 -1 53348 53
0x00004000 17 -1 -1 -1 53348 53
0x00000000 17 -1 -1 -1 53 53348
0x00000000 17 -1 -1 -1 53 53348
0x00000000 17 -1 -1 -1 41988 514
0x00000000 17 -1 -1 -1 41988 514
0x00000000 17 -1 -1 -1 3724 53
0x00000000 17 -1 -1 -1 53 3724
0x00000000 17 -1 -1 -1 41988 514
0x00004000 17 -1 -1 -1 59465 53
0x00004000 17 -1 -1 -1 59465 53
0x00000000 17 -1 -1 -1 53 59465
0x00000000 17 -1 -1 -1 41988 514
0x00000000 17 -1 -1 -1 53 59465
0x00000000 17 -1 -1 -1 41988 514
0x00004000 17 -1 -1 -1 26005 53
0x00004000 17 -1 -1 -1 26005 53
0x00000000 17 -1 -1 -1 53 26005
0x00000000 17 -1 -1 -1 41988 514
0x00000000 17 -1 -1 -1 53 26005
0x00000000 17 -1 -1 -1 41988 514
0x00000000 17 -1 -1 -1 53 54923
0x00000000 17 -1 -1 -1 56002 53
0x00004000 17 -1 -1 -1 9251 53
0x00004000 17 -1 -1 -1 9251 53
0x00000000 17 -1 -1 -1 53 9251
0x00000000 17 -1 -1 -1 41988 514
0x00000000 17 -1 -1 -1 53 9251
0x00000000 17 -1 -1 -1 41988 514
0x00004000 17 -1 -1 -1 53950 53
0x00004000 17 -1 -1 -1 53950 53
0x00000000 17 -1 -1 -1 53 53950
0x00000000 17 -1 -1 -1 41988 514
0x00000000 17 -1 -1 -1 53 53950
0x00000000 17 -1 -1 -1 41988 514
0x00004000 17 -1 -1 -1 54063 53
0x00004000 17 -1 -1 -1 54063 53
0x00000000 17 -1 -1 -1 53 54063
0x00000000 17 -1 -1 -1 53 54063
0x00000000 17 -1 -1 -1 41988 514
0x00000000 17 -1 -1 -1 41988 514
0x00004000 17 -1 -1 -1 31106 53
0x00004000 17 -1 -1 -1 31106 53
0x00000000 17 -1 -1 -1 53 31106
0x00000000 17 -1 -1 -1 41988 514
0x00000000 17 -1 -1 -1 41988 514
0x00000000 17 -1 -1 -1 53 31106
0x00000000 17 -1 -1 -1 63020 53
0x00000000 17 -1 -1 -1 41988 514
0x00000000 17 -1 -1 -1 55495 53
0x00004000 17 -1 -1 -1 28484 53
0x00004000 17 -1 -1 -1 28484 53
0x00000000 17 -1 -1 -1 53 28484
0x00000000 17 -1 -1 -1 41988 514
0x00000000 17 -1 -1 -1 53 28484
0x00000000 17 -1 -1 -1 41988 514
0x00004000 17 -1 -1 -1 35080 53
0x00004000 17 -1 -1 -1 35080 53
0x00000000 17 -1 -1 -1 53 35080
0x00000000 17 -1 -1 -1 41988 514
0x00000000 17 -1 -1 -1 53 35080
0x00000000 17 -1 -1 -1 41988 514
0x00004000 17 -1 -1 -1 46483 53
0x00004000 17 -1 -1 -1 46483 53
0x00000000 17 -1 -1 -1 53 46483
0x00000000 17 -1 -1 -1 41988 514
0x00000000 17 -1 -1 -1 41988 514
0x00000000 17 -1 -1 -1 53 46483
0x00004000 17 -1 -1 -1 38420 53
0x00004000 17 -1 -1 -1 38420 53
0x00000000 17 -1 -1 -1 53 38420
0x00000000 17 -1 -1 -1 41988 514
0x00000000 17 -1 -1 -1 53 38420
0x00000000 17 -1 -1 -1 41988 514
0x00004000 17 -1 -1 -1 11887 53
0x00004000 17 -1 -1 -1 11887 53
0x00000000 17 -1 -1 -1 53 11887
0x00000000 17 -1 -1 -1 41988 514
0x00000000 17 -1 -1 -1 53 11887
0x00000000 17 -1 -1 -1 41988 514
0x00004000 17 -1 -1 -1 14951 53
0x00004000 17 -1 -1 -1 14951 53
0x00000000 17 -1 -1 -1 53 14951
0x00000000 17 -1 -1 -1 41988 514
0x00000000 17 -1 -1 -1 53 14951
0x00000000 17 -1 -1 -1 41988 514
0x00004000 17 -1 -1 -1 24012 53
0x00004000 17 -1 -1 -1 24012 53
0x00000000 17 -1 -1 -1 53 24012
0x00000000 17 -1 -1 -1 41988 514
0x00000000 17 -1 -1 -1 53 24012
0x00000000 17 -1 -1 -1 41988 514
0x00004000 17 -1 -1 -1 51430 53
0x00004000 17 -1 -1 -1 51430 53
0x00000000 17 -1 -1 -1 53 51430
0x00000000 17 -1 -1 -1 41988 514
0x00000000 17 -1 -1 -1 53 51430
0x00000000 17 -1 -1 -1 41988 514
0x00004000 17 -1 -1 -1 57328 53
0x00004000 17 -1 -1 -1 57328 53
0x00000000 17 -1 -1 -1 53 57328
0x00000000 17 -1 -1 -1 53 57328
0x00000000 17 -1 -1 -1 41988 514
0x00000000 17 -1 -1 -1 41988 514
0x00004000 17 -1 -1 -1 30357 53
0x00004000 17 -1 -1 -1 30357 53
0x00000000 17 -1 -1 -1 53 30357
0x00000000 17 -1 -1 -1 41988 514
0x00000000 17 -1 -1 -1 41988 514
0x00000000 17 -1 -1 -1 53 30357
0x00004000 17 -1 -1 -1 44103 53
0x00004000 17 -1 -1 -1 44103 53
0x00000000 17 -1 -1 -1 53 44103
0x00000000 17 -1 -1 -1 41988 514
0x00000000 17 -1 -1 -1 41988 514
0x00000000 17 -1 -1 -1 53 44103
0x00004000 17 -1 -1 -1 30955 53
0x00004000 17 -1 -1 -1 30955 53
0x00000000 17 -1 -1 -1 53 30955
0x00000000 17 -1 -1 -1 41988 514
0x00000000 17 -1 -1 -1 53 30955
0x00000000 17 -1 -1 -1 41988 514
0x00004000 17 -1 -1 -1 61295 53
0x00004000 17 -1 -1 -1 61295 53
0x00000000 17 -1 -1 -1 53 61295
0x00000000 17 -1 -1 -1 41988 514
0x00000000 17 -1 -1 -1 53 61295
0x00000000 17 -1 -1 -1 41988 514
0x00004000 17 -1 -1 -1 11430 53
0x00004000 17 -1 -1 -1 11430 53
0x00000000 17 -1 -1 -1 53 11430
0x00000000 17 -1 -1 -1 41988 514
0x00000000 17 -1 -1 -1 53 11430
0x00000000 17 -1 -1 -1 41988 514
0x00004000 17 -1 -1 -1 65341 53
0x00004000 17 -1 -1 -1 65341 53
0x00000000 17 -1 -1 -1 53 65341
0x00000000 17 -1 -1 -1 41988 514
0x00000000 17 -1 -1 -1 41988 514
0x00000000 17 -1 -1 -1 53 65341
0x00004000 17 -1 -1 -1 20965 53
0x00004000 17 -1 -1 -1 20965 53
0x00000000 17 -1 -1 -1 53 20965
0x00000000 17 -1 -1 -1 41988 514
0x00000000 17 -1 -1 -1 41988 514
0x00000000 17 -1 -1 -1 53 20965
0x00004000 17 -1 -1 -1 34207 53
0x00004000 17 -1 -1 -1 34207 53
0x00000000 17 -1 -1 -1 53 34207
0x00000000 17 -1 -1 -1 41988 514
0x00000000 17 -1 -1 -1 41988 514
0x00000000 17 -1 -1 -1 53 34207
0x00004000 17 -1 -1 -1 25366 53
0x00004000 17 -1 -1 -1 25366 53
0x00000000 17 -1 -1 -1 53 25366
0x00000000 17 -1 -1 -1 41988 514
0x00000000 17 -1 -1 -1 53 25366
0x00000000 17 -1 -1 -1 41988 514
0x00004000 17 -1 -1 -1 46177 53
0x00004000 17 -1 -1 -1 46177 53
0x00000000 17 -1 -1 -1 53 46177
0x00000000 17 -1 -1 -1 41988 514
0x00000000 17 -1 -1 -1 41988 514
0x00000000 17 -1 -1 -1 53 46177
0x00004000 17 -1 -1 -1 40103 53
0x00004000 17 -1 -1 -1 40103 53
0x00000000 17 -1 -1 -1 53 40103
0x00000000 17 -1 -1 -1 41988 514
0x00000000 17 -1 -1 -1 53 40103
0x00000000 17 -1 -1 -1 41988 514
0x00004000 17 -1 -1 -1 20747 53
0x00004000 17 -1 -1 -1 20747 53
0x00000000 17 -1 -1 -1 53 20747
0x00000000 17 -1 -1 -1 41988 514
0x00000000 17 -1 -1 -1 53 20747
0x00000000 17 -1 -1 -1 41988 514
0x00004000 17 -1 -1 -1 25528 53
0x00004000 17 -1 -1 -1 25528 53
0x00000000 17 -1 -1 -1 53 25528
0x00000000 17 -1 -1 -1 41988 514
0x00000000 17 -1 -1 -1 53 25528
0x00000000 17 -1 -1 -1 41988 514
0x00004000 17 -1 -1 -1 59093 53
0x00004000 17 -1 -1 -1 59093 53
0x00000000 17 -1 -1 -1 53 59093
0x00000000 17 -1 -1 -1 41988 514
0x00000000 17 -1 -1 -1 41988 514
0x00000000 17 -1 -1 -1 53 59093
0x00004000 17 -1 -1 -1 32724 53
0x00004000 17 -1 -1 -1 32724 53
0x00000000 17 -1 -1 -1 53 32724
0x00000000 17 -1 -1 -1 41988 514
0x00000000 17 -1 -1 -1 53 32724
0x00000000 17 -1 -1 -1 41988 514
0x00004000 17 -1 -1 -1 53773 53
0x00004000 17 -1 -1 -1 53773 53
0x00000000 17 -1 -1 -1 53 53773
0x00000000 17 -1 -1 -1 41988 514
0x00000000 17 -1 -1 -1 41988 514
0x00000000 17 -1 -1 -1 53 53773
0x00004000 17 -1 -1 -1 33545 53
0x00004000 17 -1 -1 -1 33545 53
0x00000000 17 -1 -1 -1 53 33545
0x00000000 17 -1 -1 -1 41988 514
0x00000000 17 -1 -1 -1 53 33545
0x00000000 17 -1 -1 -1 41988 514
0x00004000 17 -1 -1 -1 46572 53
0x00004000 17 -1 -1 -1 46572 53
0x00000000 17 -1 -1 -1 53 46572
0x00000000 17 -1 -1 -1 41988 514
0x00000000 17 -1 -1 -1 53 46572
0x00000000 17 -1 -1 -1 41988 514
0x00004000 17 -1 -1 -1 50571 123
0x00000000 17 -1 -1 -1 123 50571
0x00004000 17 -1 -1 -1 17618 53
0x00004000 17 -1 -1 -1 17618 53
0x00000000 17 -1 -1 -1 53 17618
0x00000000 17 -1 -1 -1 41988 514
0x00000000 17 -1 -1 -1 53 17618
0x00000000 17 -1 -1 -1 41988 514
0x00004000 17 -1 -1 -1 55546 53
0x00004000 17 -1 -1 -1 55546 53
0x00000000 17 -1 -1 -1 53 55546
0x00000000 17 -1 -1 -1 41988 514
0x00000000 17 -1 -1 -1 53 55546
0x00000000 17 -1 -1 -1 41988 514
0x00004000 17 -1 -1 -1 45796 53
0x00004000 17 -1 -1 -1 45796 53
0x00000000 17 -1 -1 -1 53 45796
0x00000000 17 -1 -1 -1 41988 514
0x00000000 17 -1 -1 -1 41988 514
0x00000000 17 -1 -1 -1 53 45796
0x00004000 17 -1 -1 -1 11488 53
0x00004000 17 -1 -1 -1 11488 53
0x00000000 17 -1 -1 -1 53 11488
0x00000000 17 -1 -1 -1 41988 514
0x00000000 17 -1 -1 -1 53 11488
0x00000000 17 -1 -1 -1 41988 514
0x00004000 17 -1 -1 -1 23546 53
0x00004000 17 -1 -1 -1 23546 53
0x00000000 17 -1 -1 -1 53 23546
0x00000000 17 -1 -1 -1 41988 514
0x00000000 17 -1 -1 -1 53 23546
0x00000000 17 -1 -1 -1 41988 514
0x00000000 17 -1 -1 -1 63293 53
0x00000000 17 -1 -1 -1 53 63293
0x00000000 17 -1 -1 -1 41988 514
0x00004000 17 -1 -1 -1 53116 53
0x00004000 17 -1 -1 -1 53116 53
0x00000000 17 -1 -1 -1 53 53116
0x00000000 17 -1 -1 -1 41988 514
0x00000000 17 -1 -1 -1 41988 514
0x00000000 17 -1 -1 -1 53 53116
0x00004000 17 -1 -1 -1 34644 123
0x00000000 17 -1 -1 -1 123 34644
0x00004000 17 -1 -1 -1 40772 53
0x00004000 17 -1 -1 -1 40772 53
0x00000000 17 -1 -1 -1 53 40772
0x00000000 17 -1 -1 -1 41988 514
0x00000000 17 -1 -1 -1 53 40772
0x00000000 17 -1 -1 -1 41988 514
0x00004000 17 -1 -1 -1 34122 53
0x00004000 17 -1 -1 -1 34122 53
0x00000000 17 -1 -1 -1 53 34122
0x00000000 17 -1 -1 -1 41988 514
0x00000000 17 -1 -1 -1 41988 514
0x00000000 17 -1 -1 -1 53 34122
0x00004000 17 -1 -1 -1 45157 53
0x00004000 17 -1 -1 -1 45157 53
0x00000000 17 -1 -1 -1 53 45157
0x00000000 17 -1 -1 -1 41988 514
0x00000000 17 -1 -1 -1 41988 514
0x00000000 17 -1 -1 -1 53 45157
0x00000000 88 -1 -1 -1 -1 -1
0x00004000 17 -1 -1 -1 52048 53
0x00004000 17 -1 -1 -1 52048 53
0x00000000 17 -1 -1 -1 53 52048
0x00000000 17 -1 -1 -1 41988 514
0x00000000 17 -1 -1 -1 53 52048
0x00000000 17 -1 -1 -1 41988 514
0x00004000 17 -1 -1 -1 19455 53
0x00004000 17 -1 -1 -1 19455 53
0x00000000 17 -1 -1 -1 53 19455
0x00000000 17 -1 -1 -1 41988 514
0x00000000 17 -1 -1 -1 53 19455
0x00000000 17 -1 -1 -1 41988 514
0x00004000 17 -1 -1 -1 20475 53
0x00004000 17 -1 -1 -1 20475 53
0x00000000 17 -1 -1 -1 53 20475
0x00000000 17 -1 -1 -1 41988 514
0x00000000 17 -1 -1 -1 53 20475
0x00000000 17 -1 -1 -1 41988 514
0x00000000 17 -1 -1 -1 55812 53
0x00000000 17 -1 -1 -1 53 55812
0x00000000 17 -1 -1 -1 41988 514
0x00004000 17 -1 -1 -1 13018 53
0x00004000 17 -1 -1 -1 13018 53
0x00000000 17 -1 -1 -1 53 13018
0x00000000 17 -1 -1 -1 41988 514
0x00000000 17 -1 -1 -1 41988 514
0x00000000 17 -1 -1 -1 53 13018
0x00004000 17 -1 -1 -1 17243 53
0x00004000 17 -1 -1 -1 17243 53
0x00000000 17 -1 -1 -1 53 17243
0x00000000 17 -1 -1 -1 41988 514
0x00000000 17 -1 -1 -1 53 17243
0x00000000 17 -1 -1 -1 41988 514
0x00004000 17 -1 -1 -1 60243 53
0x00004000 17 -1 -1 -1 60243 53
0x00000000 17 -1 -1 -1 53 60243
0x00000000 17 -1 -1 -1 41988 514
0x00000000 17 -1 -1 -1 53 60243
0x00000000 17 -1 -1 -1 41988 514
0x00004000 17 -1 -1 -1 33113 53
0x00004000 17 -1 -1 -1 33113 53
0x00000000 17 -1 -1 -1 53 33113
0x00000000 17 -1 -1 -1 41988 514
0x00000000 17 -1 -1 -1 41988 514
0x00000000 17 -1 -1 -1 53 33113
0x00004000 17 -1 -1 -1 41464 53
0x00004000 17 -1 -1 -1 41464 53
0x00000000 17 -1 -1 -1 53 41464
0x00000000 17 -1 -1 -1 41988 514
0x00000000 17 -1 -1 -1 53 41464
0x00000000 17 -1 -1 -1 41988 514
0x00004000 17 -1 -1 -1 43236 53
0x00004000 17 -1 -1 -1 43236 53
0x00000000 17 -1 -1 -1 53 43236
0x00000000 17 -1 -1 -1 41988 514
0x00000000 17 -1 -1 -1 53 43236
0x00000000 17 -1 -1 -1 41988 514
-1 -1 -1 -1 -1 -1 -1
-1 -1 -1 -1 -1 -1 -1
0x00004000 17 -1 -1 -1 48416 53
0x00004000 17 -1 -1 -1 48416 53
0x00000000 17 -1 -1 -1 53 48416
0x00000000 17 -1 -1 -1 41988 514
0x00000000 17 -1 -1 -1 53 48416
0x00000000 17 -1 -1 -1 41988 514
0x00004000 17 -1 -1 -1 61993 53
0x00004000 17 -1 -1 -1 61993 53
0x00000000 17 -1 -1 -1 53 61993
0x00000000 17 -1 -1 -1 41988 514
0x00000000 17 -1 -1 -1 53 61993
0x00000000 17 -1 -1 -1 41988 514
0x00004000 17 -1 -1 -1 34410 53
0x00004000 17 -1 -1 -1 34410 53
0x00000000 17 -1 -1 -1 53 34410
0x00000000 17 -1 -1 -1 41988 514
0x00000000 17 -1 -1 -1 53 34410
0x00000000 17 -1 -1 -1 41988 514
0x00004000 17 -1 -1 -1 22234 53
0x00004000 17 -1 -1 -1 22234 53
0x00000000 17 -1 -1 -1 53 22234
0x00000000 17 -1 -1 -1 53 22234
0x00000000 17 -1 -1 -1 41988 514
0x00000000 17 -1 -1 -1 41988 514
0x00004000 17 -1 -1 -1 47623 53
0x00004000 17 -1 -1 -1 47623 53
0x00000000 17 -1 -1 -1 53 47623
0x00000000 17 -1 -1 -1 41988 514
0x00000000 17 -1 -1 -1 41988 514
0x00000000 17 -1 -1 -1 53 47623
0x00004000 17 -1 -1 -1 46067 53
0x00004000 17 -1 -1 -1 46067 53
0x00000000 17 -1 -1 -1 53 46067
0x00000000 17 -1 -1 -1 41988 514
0x00000000 17 -1 -1 -1 53 46067
0x00000000 17 -1 -1 -1 41988 514
0x00004000 17 -1 -1 -1 56217 53
0x00004000 17 -1 -1 -1 56217 53
0x00000000 17 -1 -1 -1 53 56217
0x00000000 17 -1 -1 -1 41988 514
0x00000000 17 -1 -1 -1 41988 514
0x00000000 17 -1 -1 -1 53 56217
0x00004000 17 -1 -1 -1 25734 53
0x00004000 17 -1 -1 -1 25734 53
0x00000000 17 -1 -1 -1 53 25734
0x00000000 17 -1 -1 -1 41988 514
0x00000000 17 -1 -1 -1 53 25734
0x00000000 17 -1 -1 -1 41988 514
0x00004000 17 -1 -1 -1 41756 53
0x00004000 17 -1 -1 -1 41756 53
0x00000000 17 -1 -1 -1 53 41756
0x00000000 17 -1 -1 -1 41988 514
0x00000000 17 -1 -1 -1 53 41756
0x00000000 17 -1 -1 -1 41988 514
0x00004000 17 -1 -1 -1 32996 53
0x00004000 17 -1 -1 -1 32996 53
0x00000000 17 -1 -1 -1 53 32996
0x00000000 17 -1 -1 -1 41988 514
0x00000000 17 -1 -1 -1 53 32996
0x00000000 17 -1 -1 -1 41988 514
0x00004000 17 -1 -1 -1 33243 53
0x00004000 17 -1 -1 -1 33243 53
0x00000000 17 -1 -1 -1 53 33243
0x00000000 17 -1 -1 -1 41988 514
0x00000000 17 -1 -1 -1 53 33243
0x00000000 17 -1 -1 -1 41988 514
0x00004000 17 -1 -1 -1 31103 53
0x00004000 17 -1 -1 -1 31103 53
0x00000000 17 -1 -1 -1 53 31103
0x00000000 17 -1 -1 -1 41988 514
0x00000000 17 -1 -1 -1 53 31103
0x00000000 17 -1 -1 -1 41988 514
0x00004000 17 -1 -1 -1 41871 53
0x00004000 17 -1 -1 -1 41871 53
0x00000000 17 -1 -1 -1 53 41871
0x00000000 17 -1 -1 -1 41988 514
0x00000000 17 -1 -1 -1 53 41871
0x00000000 17 -1 -1 -1 41988 514
0x00004000 17 -1 -1 -1 55513 53
0x00004000 17 -1 -1 -1 55513 53
0x00000000 17 -1 -1 -1 53 55513
0x00000000 17 -1 -1 -1 41988 514
0x00000000 17 -1 -1 -1 41988 514
0x00000000 17 -1 -1 -1 53 55513
0x00004000 17 -1 -1 -1 9896 53
0x00004000 17 -1 -1 -1 9896 53
0x00000000 17 -1 -1 -1 53 9896
0x00000000 17 -1 -1 -1 41988 514
0x00000000 17 -1 -1 -1 53 9896
0x00000000 17 -1 -1 -1 41988 514
0x00004000 17 -1 -1 -1 39968 53
0x00004000 17 -1 -1 -1 39968 53
0x00000000 17 -1 -1 -1 53 39968
0x00000000 17 -1 -1 -1 41988 514
0x00000000 17 -1 -1 -1 41988 514
0x00000000 17 -1 -1 -1 53 39968
0x00004000 17 -1 -1 -1 49522 53
0x00004000 17 -1 -1 -1 49522 53
0x00000000 17 -1 -1 -1 53 49522
0x00000000 17 -1 -1 -1 41988 514
0x00000000 17 -1 -1 -1 53 49522
0x00000000 17 -1 -1 -1 41988 514
0x00004000 17 -1 -1 -1 33895 53
0x00004000 17 -1 -1 -1 33895 53
0x00000000 17 -1 -1 -1 53 33895
0x00000000 17 -1 -1 -1 41988 514
0x00000000 17 -1 -1 -1 53 33895
0x00000000 17 -1 -1 -1 41988 514
0x00004000 17 -1 -1 -1 63315 53
0x00004000 17 -1 -1 -1 63315 53
0x00000000 17 -1 -1 -1 53 63315
0x00000000 17 -1 -1 -1 41988 514
0x00000000 17 -1 -1 -1 41988 514
0x00000000 17 -1 -1 -1 53 63315
0x00000000 17 -1 -1 -1 64091 53
0x00000000 17 -1 -1 -1 41988 514
0x00000000 17 -1 -1 -1 53 64091
0x00004000 17 -1 -1 -1 62167 53
0x00004000 17 -1 -1 -1 62167 53
0x00000000 17 -1 -1 -1 53 62167
0x00000000 17 -1 -1 -1 41988 514
0x00000000 17 -1 -1 -1 41988 514
0x00000000 17 -1 -1 -1 53 62167
0x00004000 17 -1 -1 -1 36636 53
0x00004000 17 -1 -1 -1 36636 53
0x00000000 17 -1 -1 -1 53 36636
0x00000000 17 -1 -1 -1 41988 514
0x00000000 17 -1 -1 -1 53 36636
0x00000000 17 -1 -1 -1 41988 514
0x00000000 17 -1 -1 -1 51895 53
0x00000000 17 -1 -1 -1 3724 53
0x00000000 17 -1 -1 -1 3724 53
0x00000000 17 -1 -1 -1 53 51895
0x00000000 17 -1 -1 -1 41988 514
0x00000000 17 -1 -1 -1 41988 514
0x00000000 17 -1 -1 -1 41988 514
0x00000000 17 -1 -1 -1 60102 53
0x00000000 17 -1 -1 -1 41988 514
0x00000000 17 -1 -1 -1 53 3724
0x00004000 17 -1 -1 -1 22892 53
0x00004000 17 -1 -1 -1 22892 53
0x00000000 17 -1 -1 -1 41988 514
0x00000000 17 -1 -1 -1 53 22892
0x00000000 17 -1 -1 -1 41988 514
0x00000000 17 -1 -1 -1 53 22892
0x00000000 17 -1 -1 -1 63776 53
0x00000000 17 -1 -1 -1 41988 514
0x00000000 17 -1 -1 -1 53 63776
0x00000000 17 -1 -1 -1 57043 53
0x00004000 17 -1 -1 -1 45180 53
0x00004000 17 -1 -1 -1 45180 53
0x00000000 17 -1 -1 -1 41988 514
0x00000000 17 -1 -1 -1 53 45180
0x00000000 17 -1 -1 -1 41988 514
0x00000000 17 -1 -1 -1 53 45180
0x00000000 17 -1 -1 -1 53 57043
0x00004000 17 -1 -1 -1 44350 53
0x00004000 17 -1 -1 -1 44350 53
0x00000000 17 -1 -1 -1 53 44350
0x00000000 17 -1 -1 -1 41988 514
0x00000000 17 -1 -1 -1 53 44350
0x00000000 17 -1 -1 -1 41988 514
0x00004000 17 -1 -1 -1 26256 53
0x00004000 17 -1 -1 -1 26256 53
0x00000000 17 -1 -1 -1 53 26256
0x00000000 17 -1 -1 -1 41988 514
0x00000000 17 -1 -1 -1 41988 514
0x00000000 17 -1 -1 -1 53 26256
0x00004000 17 -1 -1 -1 63351 53
0x00004000 17 -1 -1 -1 63351 53
0x00000000 17 -1 -1 -1 53 63351
0x00000000 17 -1 -1 -1 41988 514
0x00000000 17 -1 -1 -1 53 63351
0x00000000 17 -1 -1 -1 41988 514
0x00004000 17 -1 -1 -1 17968 53
0x00004000 17 -1 -1 -1 17968 53
0x00000000 17 -1 -1 -1 53 17968
0x00000000 17 -1 -1 -1 41988 514
0x00000000 17 -1 -1 -1 41988 514
0x00000000 17 -1 -1 -1 53 17968
0x00000000 17 -1 -1 -1 53 55495
0x00004000 17 -1 -1 -1 35701 53
0x00004000 17 -1 -1 -1 35701 53
0x00000000 17 -1 -1 -1 53 35701
0x00000000 17 -1 -1 -1 41988 514
0x00000000 17 -1 -1 -1 41988 514
0x00000000 17 -1 -1 -1 53 35701
0x00000000 17 -1 -1 -1 62224 53
0x00000000 17 -1 -1 -1 53 62224
0x00004000 17 -1 -1 -1 54402 53
0x00004000 17 -1 -1 -1 54402 53
0x00000000 17 -1 -1 -1 53 63020
0x00000000 17 -1 -1 -1 53 54402
0x00000000 17 -1 -1 -1 41988 514
0x00000000 17 -1 -1 -1 41988 514
0x00000000 17 -1 -1 -1 53 54402
0x00000000 17 -1 -1 -1 58438 53
0x00000000 17 -1 -1 -1 53 58438
0x00000000 17 -1 -1 -1 41988 514
0x00004000 17 -1 -1 -1 43171 53
0x00004000 17 -1 -1 -1 43171 53
0x00000000 17 -1 -1 -1 53 43171
0x00000000 17 -1 -1 -1 41988 514
0x00000000 17 -1 -1 -1 41988 514
0x00000000 17 -1 -1 -1 53 43171
0x00004000 17 -1 -1 -1 41269 53
0x00004000 17 -1 -1 -1 41269 53
0x00000000 17 -1 -1 -1 53 41269
0x00000000 17 -1 -1 -1 41988 514
0x00000000 17 -1 -1 -1 41988 514
0x00000000 17 -1 -1 -1 53 41269
0x00004000 17 -1 -1 -1 21841 53
0x00004000 17 -1 -1 -1 21841 53
0x00000000 17 -1 -1 -1 41988 514
0x00000000 17 -1 -1 -1 53 21841
0x00000000 17 -1 -1 -1 41988 514
0x00000000 17 -1 -1 -1 53 21841
0x00004000 17 -1 -1 -1 55657 53
0x00004000 17 -1 -1 -1 55657 53
0x00000000 17 -1 -1 -1 53 55657
0x00000000 17 -1 -1 -1 41988 514
0x00000000 17 -1 -1 -1 41988 514
0x00000000 17 -1 -1 -1 53 55657
0x00004000 17 -1 -1 -1 16015 53
0x00004000 17 -1 -1 -1 16015 53
0x00000000 17 -1 -1 -1 53 16015
0x00000000 17 -1 -1 -1 41988 514
0x00000000 17 -1 -1 -1 41988 514
0x00000000 17 -1 -1 -1 53 16015
0x00004000 17 -1 -1 -1 63381 53
0x00004000 17 -1 -1 -1 63381 53
0x00000000 17 -1 -1 -1 53 63381
0x00000000 17 -1 -1 -1 41988 514
0x00000000 17 -1 -1 -1 41988 514
0x00000000 17 -1 -1 -1 53 63381
0x00004000 17 -1 -1 -1 46767 53
0x00004000 17 -1 -1 -1 46767 53
0x00000000 17 -1 -1 -1 53 46767
0x00000000 17 -1 -1 -1 41988 514
0x00000000 17 -1 -1 -1 41988 514
0x00000000 17 -1 -1 -1 53 46767
0x00004000 17 -1 -1 -1 34199 53
0x00004000 17 -1 -1 -1 34199 53
0x00000000 17 -1 -1 -1 53 34199
0x00000000 17 -1 -1 -1 41988 514
0x00000000 17 -1 -1 -1 53 34199
0x00000000 17 -1 -1 -1 41988 514
0x00004000 17 -1 -1 -1 64515 53
0x00004000 17 -1 -1 -1 64515 53
0x00000000 17 -1 -1 -1 53 64515
0x00000000 17 -1 -1 -1 41988 514
0x00000000 17 -1 -1 -1 53 64515
0x00000000 17 -1 -1 -1 41988 514
0x00004000 17 -1 -1 -1 30602 53
0x00004000 17 -1 -1 -1 30602 53
0x00000000 17 -1 -1 -1 53 30602
0x00000000 17 -1 -1 -1 41988 514
0x00000000 17 -1 -1 -1 41988 514
0x00000000 17 -1 -1 -1 53 30602
0x00000000 17 -1 -1 -1 59404 53
0x00000000 17 -1 -1 -1 53 59404
0x00000000 17 -1 -1 -1 41988 514
0x00004000 17 -1 -1 -1 30010 53
0x00004000 17 -1 -1 -1 30010 53
0x00000000 17 -1 -1 -1 41988 514
0x00000000 17 -1 -1 -1 53 30010
0x00000000 17 -1 -1 -1 41988 514
0x00000000 17 -1 -1 -1 53 30010
0x00004000 17 -1 -1 -1 42687 53
0x00004000 17 -1 -1 -1 42687 53
0x00000000 17 -1 -1 -1 53 42687
0x00000000 17 -1 -1 -1 41988 514
0x00000000 17 -1 -1 -1 41988 514
0x00000000 17 -1 -1 -1 53 42687
0x00004000 17 -1 -1 -1 11974 53
0x00004000 17 -1 -1 -1 11974 53
0x00000000 17 -1 -1 -1 53 11974
0x00000000 17 -1 -1 -1 41988 514
0x00000000 17 -1 -1 -1 41988 514
0x00000000 17 -1 -1 -1 53 11974
0x00000000 17 -1 -1 -1 62105 53
0x00000000 17 -1 -1 -1 41988 514
0x00000000 17 -1 -1 -1 54253 53
0x00004000 17 -1 -1 -1 64538 53
0x00004000 17 -1 -1 -1 64538 53
0x00000000 17 -1 -1 -1 53 64538
0x00000000 17 -1 -1 -1 41988 514
0x00000000 17 -1 -1 -1 53 64538
0x00000000 17 -1 -1 -1 41988 514
0x00004000 17 -1 -1 -1 37435 53
0x00004000 17 -1 -1 -1 37435 53
0x00000000 17 -1 -1 -1 53 37435
0x00000000 17 -1 -1 -1 41988 514
0x00000000 17 -1 -1 -1 41988 514
0x00000000 17 -1 -1 -1 53 37435
0x00000000 17 -1 -1 -1 53 54253
0x00000000 17 -1 -1 -1 53 62105
0x00004000 17 -1 -1 -1 18277 53
0x00004000 17 -1 -1 -1 18277 53
0x00000000 17 -1 -1 -1 53 18277
0x00000000 17 -1 -1 -1 41988 514
0x00000000 17 -1 -1 -1 41988 514
0x00000000 17 -1 -1 -1 53 18277
0x00004000 17 -1 -1 -1 41569 53
0x00004000 17 -1 -1 -1 41569 53
0x00000000 17 -1 -1 -1 53 41569
0x00000000 17 -1 -1 -1 41988 514
0x00000000 17 -1 -1 -1 53 41569
0x00000000 17 -1 -1 -1 41988 514
0x00004000 17 -1 -1 -1 40692 53
0x00004000 17 -1 -1 -1 40692 53
0x00000000 17 -1 -1 -1 53 40692
0x00000000 17 -1 -1 -1 41988 514
0x00000000 17 -1 -1 -1 41988 514
0x00000000 17 -1 -1 -1 53 40692
0x00004000 17 -1 -1 -1 40604 53
0x00004000 17 -1 -1 -1 40604 53
0x00000000 17 -1 -1 -1 53 40604
0x00000000 17 -1 -1 -1 41988 514
0x00000000 17 -1 -1 -1 41988 514
0x00000000 17 -1 -1 -1 53 40604
0x00004000 17 -1 -1 -1 52305 53
0x00004000 17 -1 -1 -1 52305 53
0x00000000 17 -1 -1 -1 53 52305
0x00000000 17 -1 -1 -1 41988 514
0x00000000 17 -1 -1 -1 53 52305
0x00000000 17 -1 -1 -1 41988 514
0x00004000 17 -1 -1 -1 25576 53
0x00004000 17 -1 -1 -1 25576 53
0x00000000 17 -1 -1 -1 53 25576
0x00000000 17 -1 -1 -1 41988 514
0x00000000 17 -1 -1 -1 41988 514
0x00000000 17 -1 -1 -1 53 25576
0x00004000 17 -1 -1 -1 37231 53
0x00004000 17 -1 -1 -1 37231 53
0x00000000 17 -1 -1 -1 53 37231
0x00000000 17 -1 -1 -1 41988 514
0x00000000 17 -1 -1 -1 41988 514
0x00000000 17 -1 -1 -1 53 37231
0x00004000 17 -1 -1 -1 54490 53
0x00004000 17 -1 -1 -1 54490 53
0x00000000 17 -1 -1 -1 53 54490
0x00000000 17 -1 -1 -1 41988 514
0x00000000 17 -1 -1 -1 41988 514
0x00000000 17 -1 -1 -1 53 54490
0x00004000 17 -1 -1 -1 16228 53
0x00004000 17 -1 -1 -1 16228 53
0x00000000 17 -1 -1 -1 53 16228
0x00000000 17 -1 -1 -1 41988 514
0x00000000 17 -1 -1 -1 41988 514
0x00000000 17 -1 -1 -1 53 16228
0x00004000 17 -1 -1 -1 51207 53
0x00004000 17 -1 -1 -1 51207 53
0x00000000 17 -1 -1 -1 53 51207
0x00000000 17 -1 -1 -1 41988 514
0x00000000 17 -1 -1 -1 41988 514
0x00000000 17 -1 -1 -1 53 51207
0x00004000 17 -1 -1 -1 52373 53
0x00004000 17 -1 -1 -1 52373 53
0x00000000 17 -1 -1 -1 53 52373
0x00000000 17 -1 -1 -1 41988 514
0x00000000 17 -1 -1 -1 41988 514
0x00000000 17 -1 -1 -1 53 52373
0x00004000 17 -1 -1 -1 30622 53
0x00004000 17 -1 -1 -1 30622 53
0x00000000 17 -1 -1 -1 53 30622
0x00000000 17 -1 -1 -1 41988 514
0x00000000 17 -1 -1 -1 41988 514
0x00000000 17 -1 -1 -1 53 30622
0x00004000 17 -1 -1 -1 62890 53
0x00004000 17 -1 -1 -1 62890 53
0x00000000 17 -1 -1 -1 53 62890
0x00000000 17 -1 -1 -1 41988 514
0x00000000 17 -1 -1 -1 41988 514
0x00000000 17 -1 -1 -1 53 62890
0x00004000 17 -1 -1 -1 10443 53
0x00004000 17 -1 -1 -1 10443 53
0x00000000 17 -1 -1 -1 53 10443
0x00000000 17 -1 -1 -1 41988 514
0x00000000 17 -1 -1 -1 41988 514
0x00000000 17 -1 -1 -1 53 10443
0x00004000 17 -1 -1 -1 31111 53
0x00004000 17 -1 -1 -1 31111 53
0x00000000 17 -1 -1 -1 41988 514
0x00000000 17 -1 -1 -1 53 31111
0x00000000 17 -1 -1 -1 41988 514
0x00000000 17 -1 -1 -1 53 31111
0x00004000 17 -1 -1 -1 22369 53
0x00004000 17 -1 -1 -1 22369 53
0x00000000 17 -1 -1 -1 53 22369
0x00000000 17 -1 -1 -1 41988 514
0x00000000 17 -1 -1 -1 53 22369
0x00000000 17 -1 -1 -1 41988 514
0x00004000 17 -1 -1 -1 21665 53
0x00004000 17 -1 -1 -1 21665 53
0x00000000 17 -1 -1 -1 53 21665
0x00000000 17 -1 -1 -1 41988 514
0x00000000 17 -1 -1 -1 53 21665
0x00000000 17 -1 -1 -1 41988 514
0x00004000 17 -1 -1 -1 19932 53
0x00004000 17 -1 -1 -1 19932 53
0x00000000 17 -1 -1 -1 53 19932
0x00000000 17 -1 -1 -1 41988 514
0x00000000 17 -1 -1 -1 53 19932
0x00000000 17 -1 -1 -1 41988 514
0x00004000 17 -1 -1 -1 46673 53
0x00004000 17 -1 -1 -1 46673 53
0x00000000 17 -1 -1 -1 53 46673
0x00000000 17 -1 -1 -1 41988 514
0x00000000 17 -1 -1 -1 53 46673
0x00000000 17 -1 -1 -1 41988 514
0x00004000 17 -1 -1 -1 61313 53
0x00004000 17 -1 -1 -1 61313 53
0x00000000 17 -1 -1 -1 53 61313
0x00000000 17 -1 -1 -1 41988 514
0x00000000 17 -1 -1 -1 53 61313
0x00000000 17 -1 -1 -1 41988 514
0x00004000 17 -1 -1 -1 9642 53
0x00004000 17 -1 -1 -1 9642 53
0x00000000 17 -1 -1 -1 53 9642
0x00000000 17 -1 -1 -1 41988 514
0x00000000 17 -1 -1 -1 41988 514
0x00000000 17 -1 -1 -1 53 9642
0x00004000 17 -1 -1 -1 44048 53
0x00004000 17 -1 -1 -1 44048 53
0x00000000 17 -1 -1 -1 53 44048
0x00000000 17 -1 -1 -1 41988 514
0x00000000 17 -1 -1 -1 53 44048
0x00000000 17 -1 -1 -1 41988 514
0x00004000 17 -1 -1 -1 59013 53
0x00004000 17 -1 -1 -1 59013 53
0x00000000 17 -1 -1 -1 53 59013
0x00000000 17 -1 -1 -1 41988 514
0x00000000 17 -1 -1 -1 53 59013
0x00000000 17 -1 -1 -1 41988 514
0x00004000 17 -1 -1 -1 52773 53
0x00004000 17 -1 -1 -1 52773 53
0x00000000 17 -1 -1 -1 53 52773
0x00000000 17 -1 -1 -1 41988 514
0x00000000 17 -1 -1 -1 41988 514
0x00000000 17 -1 -1 -1 53 52773
0x00004000 17 -1 -1 -1 45662 53
0x00004000 17 -1 -1 -1 45662 53
0x00000000 17 -1 -1 -1 53 45662
0x00000000 17 -1 -1 -1 41988 514
0x00000000 17 -1 -1 -1 49951 53
0x00000000 17 -1 -1 -1 53 45662
0x00000000 17 -1 -1 -1 41988 514
0x00000000 17 -1 -1 -1 53 49951
0x00000000 17 -1 -1 -1 41988 514
0x00000000 1 -1 -1 -1 -1 -1
0x00000000 1 -1 -1 -1 -1 -1
0x00004000 17 -1 -1 -1 46322 53
0x00004000 17 -1 -1 -1 46322 53
0x00000000 17 -1 -1 -1 53 46322
0x00000000 17 -1 -1 -1 41988 514
0x00000000 17 -1 -1 -1 41988 514
0x00000000 17 -1 -1 -1 53 46322
0x00004000 17 -1 -1 -1 62375 53
0x00004000 17 -1 -1 -1 62375 53
0x00000000 17 -1 -1 -1 53 62375
0x00000000 17 -1 -1 -1 41988 514
0x00000000 17 -1 -1 -1 41988 514
0x00000000 17 -1 -1 -1 53 62375
0x00004000 17 -1 -1 -1 34560 53
0x00004000 17 -1 -1 -1 34560 53
0x00000000 17 -1 -1 -1 53 34560
0x00000000 17 -1 -1 -1 41988 514
0x00000000 17 -1 -1 -1 41988 514
0x00000000 17 -1 -1 -1 53 34560
0x00004000 17 -1 -1 -1 17179 53
0x00004000 17 -1 -1 -1 17179 53
0x00000000 17 -1 -1 -1 53 17179
0x00000000 17 -1 -1 -1 41988 514
0x00000000 17 -1 -1 -1 41988 514
0x00000000 17 -1 -1 -1 53 17179
0x00004000 17 -1 -1 -1 38651 53
0x00004000 17 -1 -1 -1 38651 53
0x00000000 17 -1 -1 -1 53 38651
0x00000000 17 -1 -1 -1 41988 514
0x00000000 17 -1 -1 -1 41988 514
0x00000000 17 -1 -1 -1 53 38651
0x00004000 17 -1 -1 -1 52859 53
0x00004000 17 -1 -1 -1 52859 53
0x00000000 17 -1 -1 -1 53 52859
0x00000000 17 -1 -1 -1 41988 514
0x00000000 17 -1 -1 -1 41988 514
0x00000000 17 -1 -1 -1 53 52859
0x00004000 17 -1 -1 -1 31463 53
0x00004000 17 -1 -1 -1 31463 53
0x00000000 17 -1 -1 -1 53 31463
0x00000000 17 -1 -1 -1 41988 514
0x00000000 17 -1 -1 -1 41988 514
0x00000000 17 -1 -1 -1 53 31463
0x00004000 17 -1 -1 -1 41337 53
0x00004000 17 -1 -1 -1 41337 53
0x00000000 17 -1 -1 -1 53 41337
0x00000000 17 -1 -1 -1 41988 514
0x00000000 17 -1 -1 -1 41988 514
0x00000000 17 -1 -1 -1 53 41337
0x00000000 17 -1 -1 -1 56621 53
0x00000000 17 -1 -1 -1 56622 53
0x00000000 17 -1 -1 -1 41988 514
0x00000000 17 -1 -1 -1 53 56621
0x00000000 17 -1 -1 -1 41988 514
0x00000000 17 -1 -1 -1 53 56622
0x00004000 17 -1 -1 -1 22030 53
0x00004000 17 -1 -1 -1 22030 53
0x00000000 17 -1 -1 -1 53 22030
0x00000000 17 -1 -1 -1 41988 514
0x00000000 17 -1 -1 -1 41988 514
0x00000000 17 -1 -1 -1 53 22030
0x00004000 17 -1 -1 -1 21181 53
0x00004000 17 -1 -1 -1 21181 53
0x00000000 17 -1 -1 -1 53 21181
0x00000000 17 -1 -1 -1 41988 514
0x00000000 17 -1 -1 -1 53 21181
0x00000000 17 -1 -1 -1 41988 514
0x00000000 17 -1 -1 -1 3724 53
0x00000000 17 -1 -1 -1 41988 514
0x00000000 17 -1 -1 -1 52814 53
0x00004000 17 -1 -1 -1 17731 53
0x00004000 17 -1 -1 -1 17731 53
0x00000000 17 -1 -1 -1 53 17731
0x00000000 17 -1 -1 -1 41988 514
0x00000000 17 -1 -1 -1 41988 514
0x00000000 17 -1 -1 -1 53 17731
0x00000000 17 -1 -1 -1 53 52814
0x00000000 17 -1 -1 -1 53 3724
0x00004000 17 -1 -1 -1 36607 53
0x00004000 17 -1 -1 -1 36607 53
0x00000000 17 -1 -1 -1 53 36607
0x00000000 17 -1 -1 -1 41988 514
0x00000000 17 -1 -1 -1 41988 514
0x00000000 17 -1 -1 -1 53 36607
0x00004000 17 -1 -1 -1 47493 53
0x00004000 17 -1 -1 -1 47493 53
0x00000000 17 -1 -1 -1 53 47493
0x00000000 17 -1 -1 -1 41988 514
0x00000000 17 -1 -1 -1 41988 514
0x00000000 17 -1 -1 -1 53 47493
0x00004000 17 -1 -1 -1 45808 53
0x00004000 17 -1 -1 -1 45808 53
0x00000000 17 -1 -1 -1 53 45808
0x00000000 17 -1 -1 -1 41988 514
0x00000000 17 -1 -1 -1 41988 514
0x00000000 17 -1 -1 -1 53 45808
0x00004000 17 -1 -1 -1 48572 53
0x00004000 17 -1 -1 -1 48572 53
0x00000000 17 -1 -1 -1 53 48572
0x00000000 17 -1 -1 -1 41988 514
0x00000000 17 -1 -1 -1 53 48572
0x00000000 17 -1 -1 -1 41988 514
0x00004000 17 -1 -1 -1 11114 53
0x00004000 17 -1 -1 -1 11114 53
0x00000000 17 -1 -1 -1 53 11114
0x00000000 17 -1 -1 -1 41988 514
0x00000000 17 -1 -1 -1 41988 514
0x00000000 17 -1 -1 -1 53 11114
0x00004000 17 -1 -1 -1 61967 53
0x00004000 17 -1 -1 -1 61967 53
0x00000000 17 -1 -1 -1 41988 514
0x00000000 17 -1 -1 -1 53 61967
0x00000000 17 -1 -1 -1 41988 514
0x00000000 17 -1 -1 -1 53 61967
0x00004000 17 -1 -1 -1 46382 53
0x00004000 17 -1 -1 -1 46382 53
0x00000000 17 -1 -1 -1 53 46382
0x00000000 17 -1 -1 -1 41988 514
0x00000000 17 -1 -1 -1 41988 514
0x00000000 17 -1 -1 -1 53 46382
0x00004000 17 -1 -1 -1 53718 53
0x00004000 17 -1 -1 -1 53718 53
0x00000000 17 -1 -1 -1 53 53718
0x00000000 17 -1 -1 -1 41988 514
0x00000000 17 -1 -1 -1 41988 514
0x00000000 17 -1 -1 -1 53 53718
0x00004000 17 -1 -1 -1 57339 53
0x00004000 17 -1 -1 -1 57339 53
0x00000000 17 -1 -1 -1 41988 514
0x00000000 17 -1 -1 -1 53 57339
0x00000000 17 -1 -1 -1 41988 514
0x00000000 17 -1 -1 -1 53 57339
0x00004000 17 -1 -1 -1 54651 53
0x00004000 17 -1 -1 -1 54651 53
0x00000000 17 -1 -1 -1 41988 514
0x00000000 17 -1 -1 -1 53 54651
0x00000000 17 -1 -1 -1 41988 514
0x00000000 17 -1 -1 -1 53 54651
0x00004000 17 -1 -1 -1 14049 53
0x00004000 17 -1 -1 -1 14049 53
0x00000000 17 -1 -1 -1 53 14049
0x00000000 17 -1 -1 -1 41988 514
0x00000000 17 -1 -1 -1 53 14049
0x00000000 17 -1 -1 -1 41988 514
0x00000000 17 -1 -1 -1 60131 53
0x00000000 17 -1 -1 -1 53 60131
0x00004000 17 -1 -1 -1 40994 53
0x00004000 17 -1 -1 -1 40994 53
0x00000000 17 -1 -1 -1 41988 514
0x00000000 17 -1 -1 -1 41988 514
0x00000000 17 -1 -1 -1 53 40994
0x00000000 17 -1 -1 -1 41988 514
0x00000000 17 -1 -1 -1 53 40994
0x00004000 17 -1 -1 -1 50754 53
0x00004000 17 -1 -1 -1 50754 53
0x00000000 17 -1 -1 -1 53 50754
0x00000000 17 -1 -1 -1 41988 514
0x00000000 17 -1 -1 -1 41988 514
0x00000000 17 -1 -1 -1 53 50754
0x00004000 17 -1 -1 -1 50518 53
0x00004000 17 -1 -1 -1 50518 53
0x00000000 17 -1 -1 -1 53 50518
0x00000000 17 -1 -1 -1 41988 514
0x00000000 17 -1 -1 -1 53 50518
0x00000000 17 -1 -1 -1 41988 514
0x00004000 17 -1 -1 -1 10601 53
0x00004000 17 -1 -1 -1 10601 53
0x00000000 17 -1 -1 -1 53 10601
0x00000000 17 -1 -1 -1 41988 514
0x00000000 17 -1 -1 -1 53 10601
0x00000000 17 -1 -1 -1 41988 514
0x00004000 17 -1 -1 -1 59796 53
0x00004000 17 -1 -1 -1 59796 53
0x00004000 17 -1 -1 -1 2048 53
0x00000000 17 -1 -1 -1 53 2048
0x00000000 17 -1 -1 -1 41988 514
0x00000000 17 -1 -1 -1 41988 514
0x00000000 17 -1 -1 -1 53 59796
0x00000000 17 -1 -1 -1 41988 514
0x00000000 17 -1 -1 -1 53 59796
0x00004000 17 -1 -1 -1 27254 53
0x00004000 17 -1 -1 -1 27254 53
0x00000000 17 -1 -1 -1 53 27254
0x00000000 17 -1 -1 -1 41988 514
0x00000000 17 -1 -1 -1 41988 514
0x00000000 17 -1 -1 -1 53 27254
0x00004000 17 -1 -1 -1 2048 53
0x00000000 17 -1 -1 -1 53 2048
0x00000000 17 -1 -1 -1 41988 514
0x00000000 17 -1 -1 -1 59622 53
0x00000000 17 -1 -1 -1 41988 514
0x00000000 17 -1 -1 -1 53 59622
0x00004000 17 -1 -1 -1 63374 53
0x00004000 17 -1 -1 -1 63374 53
0x00000000 17 -1 -1 -1 41988 514
0x00000000 17 -1 -1 -1 53 63374
0x00000000 17 -1 -1 -1 41988 514
0x00000000 17 -1 -1 -1 53 63374
0x00004000 17 -1 -1 -1 2048 53
0x00004000 17 -1 -1 -1 36815 53
0x00004000 17 -1 -1 -1 36815 53
0x00000000 17 -1 -1 -1 53 2048
0x00000000 17 -1 -1 -1 41988 514
0x00000000 17 -1 -1 -1 53 36815
0x00000000 17 -1 -1 -1 41988 514
0x00000000 17 -1 -1 -1 41988 514
0x00000000 17 -1 -1 -1 53 36815
0x00004000 17 -1 -1 -1 31724 53
0x00004000 17 -1 -1 -1 31724 53
0x00000000 17 -1 -1 -1 53 31724
0x00000000 17 -1 -1 -1 41988 514
0x00000000 17 -1 -1 -1 41988 514
0x00000000 17 -1 -1 -1 53 31724
0x00004000 17 -1 -1 -1 39925 53
0x00004000 17 -1 -1 -1 39925 53
0x00000000 17 -1 -1 -1 53 39925
0x00000000 17 -1 -1 -1 41988 514
0x00000000 17 -1 -1 -1 41988 514
0x00000000 17 -1 -1 -1 53 39925
0x00004000 17 -1 -1 -1 11749 53
0x00004000 17 -1 -1 -1 11749 53
0x00000000 17 -1 -1 -1 53 11749
0x00000000 17 -1 -1 -1 41988 514
0x00000000 17 -1 -1 -1 41988 514
0x00000000 17 -1 -1 -1 53 11749
0x00000000 17 -1 -1 -1 56776 53
0x00000000 17 -1 -1 -1 41988 514
0x00000000 17 -1 -1 -1 64045 53
0x00004000 17 -1 -1 -1 54333 53
0x00004000 17 -1 -1 -1 54333 53
0x00000000 17 -1 -1 -1 53 54333
0x00000000 17 -1 -1 -1 41988 514
0x00000000 17 -1 -1 -1 41988 514
0x00000000 17 -1 -1 -1 53 54333
0x00004000 17 -1 -1 -1 31389 53
0x00004000 17 -1 -1 -1 31389 53
0x00000000 17 -1 -1 -1 53 31389
0x00000000 17 -1 -1 -1 41988 514
0x00000000 17 -1 -1 -1 53 31389
0x00000000 17 -1 -1 -1 41988 514
0x00004000 17 -1 -1 -1 33412 53
0x00004000 17 -1 -1 -1 33412 53
0x00000000 17 -1 -1 -1 53 33412
0x00000000 17 -1 -1 -1 41988 514
0x00000000 17 -1 -1 -1 41988 514
0x00000000 17 -1 -1 -1 53 33412
0x00004000 17 -1 -1 -1 38864 53
0x00004000 17 -1 -1 -1 38864 53
0x00000000 17 -1 -1 -1 53 38864
0x00000000 17 -1 -1 -1 41988 514
0x00000000 17 -1 -1 -1 41988 514
0x00000000 17 -1 -1 -1 53 38864
0x00004000 17 -1 -1 -1 46329 53
0x00004000 17 -1 -1 -1 46329 53
0x00000000 17 -1 -1 -1 53 46329
0x00000000 17 -1 -1 -1 41988 514
0x00000000 17 -1 -1 -1 53 46329
0x00000000 17 -1 -1 -1 41988 514
0x00000000 17 -1 -1 -1 53 60102
0x00000000 17 -1 -1 -1 53 3724
0x00004000 17 -1 -1 -1 48967 53
0x00004000 17 -1 -1 -1 48967 53
0x00000000 17 -1 -1 -1 53 48967
0x00000000 17 -1 -1 -1 41988 514
0x00000000 17 -1 -1 -1 41988 514
0x00000000 17 -1 -1 -1 53 48967
0x00004000 17 -1 -1 -1 54649 53
0x00004000 17 -1 -1 -1 54649 53
0x00000000 17 -1 -1 -1 53 54649
0x00000000 17 -1 -1 -1 41988 514
0x00000000 17 -1 -1 -1 53 54649
0x00000000 17 -1 -1 -1 41988 514
0x00004000 17 -1 -1 -1 36507 53
0x00004000 17 -1 -1 -1 36507 53
0x00000000 17 -1 -1 -1 53 36507
0x00000000 17 -1 -1 -1 41988 514
0x00000000 17 -1 -1 -1 41988 514
0x00000000 17 -1 -1 -1 53 36507
0x00004000 17 -1 -1 -1 16780 53
0x00004000 17 -1 -1 -1 16780 53
0x00000000 17 -1 -1 -1 53 16780
0x00000000 17 -1 -1 -1 41988 514
0x00000000 17 -1 -1 -1 41988 514
0x00000000 17 -1 -1 -1 53 16780
0x00004000 17 -1 -1 -1 57279 53
0x00004000 17 -1 -1 -1 57279 53
0x00000000 17 -1 -1 -1 53 57279
0x00000000 17 -1 -1 -1 41988 514
0x00000000 17 -1 -1 -1 41988 514
0x00000000 17 -1 -1 -1 53 57279
0x00000000 17 -1 -1 -1 57882 53
0x00000000 17 -1 -1 -1 41988 514
0x00000000 17 -1 -1 -1 3724 53
0x00004000 17 -1 -1 -1 33400 53
0x00004000 17 -1 -1 -1 33400 53
0x00000000 17 -1 -1 -1 41988 514
0x00000000 17 -1 -1 -1 53 33400
0x00000000 17 -1 -1 -1 41988 514
0x00000000 17 -1 -1 -1 41988 514
0x00000000 17 -1 -1 -1 57946 53
0x00000000 17 -1 -1 -1 53 33400
0x00004000 17 -1 -1 -1 46603 53
0x00004000 17 -1 -1 -1 46603 53
0x00000000 17 -1 -1 -1 53 46603
0x00000000 17 -1 -1 -1 41988 514
0x00000000 17 -1 -1 -1 41988 514
0x00000000 17 -1 -1 -1 53 46603
0x00004000 17 -1 -1 -1 51134 53
0x00004000 17 -1 -1 -1 51134 53
0x00000000 17 -1 -1 -1 53 51134
0x00000000 17 -1 -1 -1 41988 514
0x00000000 17 -1 -1 -1 41988 514
0x00000000 17 -1 -1 -1 53 51134
0x00000000 17 -1 -1 -1 53 57946
0x00000000 17 -1 -1 -1 53 3724
0x00004000 17 -1 -1 -1 15748 53
0x00004000 17 -1 -1 -1 15748 53
0x00000000 17 -1 -1 -1 53 15748
0x00000000 17 -1 -1 -1 41988 514
0x00000000 17 -1 -1 -1 41988 514
0x00000000 17 -1 -1 -1 53 15748
0x00004000 17 -1 -1 -1 41437 53
0x00004000 17 -1 -1 -1 41437 53
0x00000000 17 -1 -1 -1 53 41437
0x00000000 17 -1 -1 -1 41988 514
0x00000000 17 -1 -1 -1 41988 514
0x00000000 17 -1 -1 -1 53 41437
0x00004000 17 -1 -1 -1 42846 53
0x00004000 17 -1 -1 -1 42846 53
0x00000000 17 -1 -1 -1 53 42846
0x00000000 17 -1 -1 -1 41988 514
0x00000000 17 -1 -1 -1 41988 514
0x00000000 17 -1 -1 -1 53 42846
0x00004000 17 -1 -1 -1 41288 53
0x00004000 17 -1 -1 -1 41288 53
0x00000000 17 -1 -1 -1 53 41288
0x00000000 17 -1 -1 -1 41988 514
0x00000000 17 -1 -1 -1 41988 514
0x00000000 17 -1 -1 -1 53 41288
0x00004000 17 -1 -1 -1 62073 53
0x00004000 17 -1 -1 -1 62073 53
0x00000000 17 -1 -1 -1 53 62073
0x00000000 17 -1 -1 -1 41988 514
0x00000000 17 -1 -1 -1 41988 514
0x00000000 17 -1 -1 -1 53 62073
0x00004000 17 -1 -1 -1 24230 53
0x00004000 17 -1 -1 -1 24230 53
0x00000000 17 -1 -1 -1 53 24230
0x00000000 17 -1 -1 -1 41988 514
0x00000000 17 -1 -1 -1 41988 514
0x00000000 17 -1 -1 -1 53 24230
0x00004000 17 -1 -1 -1 14681 53
0x00004000 17 -1 -1 -1 14681 53
0x00000000 17 -1 -1 -1 53 14681
0x00000000 17 -1 -1 -1 41988 514
0x00000000 17 -1 -1 -1 53 14681
0x00000000 17 -1 -1 -1 41988 514
0x00004000 17 -1 -1 -1 64489 53
0x00004000 17 -1 -1 -1 64489 53
0x00000000 17 -1 -1 -1 53 64489
0x00000000 17 -1 -1 -1 41988 514
0x00000000 17 -1 -1 -1 41988 514
0x00000000 17 -1 -1 -1 53 64489
0x00004000 17 -1 -1 -1 31193 53
0x00004000 17 -1 -1 -1 31193 53
0x00000000 17 -1 -1 -1 53 31193
0x00000000 17 -1 -1 -1 41988 514
0x00000000 17 -1 -1 -1 41988 514
0x00000000 17 -1 -1 -1 53 31193
0x00004000 17 -1 -1 -1 42804 53
0x00004000 17 -1 -1 -1 42804 53
0x00000000 17 -1 -1 -1 53 42804
0x00000000 17 -1 -1 -1 41988 514
0x00000000 17 -1 -1 -1 53 42804
0x00000000 17 -1 -1 -1 41988 514
0x00004000 17 -1 -1 -1 32769 53
0x00004000 17 -1 -1 -1 32769 53
0x00000000 17 -1 -1 -1 53 32769
0x00000000 17 -1 -1 -1 41988 514
0x00000000 17 -1 -1 -1 41988 514
0x00000000 17 -1 -1 -1 53 32769
0x00004000 17 -1 -1 -1 27751 53
0x00004000 17 -1 -1 -1 27751 53
0x00000000 17 -1 -1 -1 53 27751
0x00000000 17 -1 -1 -1 41988 514
0x00000000 17 -1 -1 -1 53 27751
0x00000000 17 -1 -1 -1 41988 514
0x00004000 17 -1 -1 -1 44660 53
0x00004000 17 -1 -1 -1 44660 53
0x00000000 17 -1 -1 -1 53 44660
0x00000000 17 -1 -1 -1 41988 514
0x00000000 17 -1 -1 -1 41988 514
0x00000000 17 -1 -1 -1 53 44660
0x00004000 17 -1 -1 -1 23322 53
0x00004000 17 -1 -1 -1 23322 53
0x00000000 17 -1 -1 -1 53 23322
0x00000000 17 -1 -1 -1 41988 514
0x00000000 17 -1 -1 -1 41988 514
0x00000000 17 -1 -1 -1 53 23322
0x00004000 17 -1 -1 -1 46304 53
0x00004000 17 -1 -1 -1 46304 53
0x00000000 17 -1 -1 -1 53 46304
0x00000000 17 -1 -1 -1 41988 514
0x00000000 17 -1 -1 -1 41988 514
0x00000000 17 -1 -1 -1 53 46304
0x00004000 17 -1 -1 -1 55317 53
0x00004000 17 -1 -1 -1 55317 53
0x00000000 17 -1 -1 -1 41988 514
0x00000000 17 -1 -1 -1 53 55317
0x00000000 17 -1 -1 -1 41988 514
0x00000000 17 -1 -1 -1 53 55317
0x00004000 17 -1 -1 -1 15967 53
0x00004000 17 -1 -1 -1 15967 53
0x00000000 17 -1 -1 -1 53 15967
0x00000000 17 -1 -1 -1 41988 514
0x00000000 17 -1 -1 -1 41988 514
0x00000000 17 -1 -1 -1 53 15967
0x00004000 17 -1 -1 -1 54135 53
0x00004000 17 -1 -1 -1 54135 53
0x00000000 17 -1 -1 -1 53 54135
0x00000000 17 -1 -1 -1 41988 514
0x00000000 17 -1 -1 -1 41988 514
0x00000000 17 -1 -1 -1 53 54135
0x00004000 17 -1 -1 -1 42906 53
0x00004000 17 -1 -1 -1 42906 53
0x00000000 17 -1 -1 -1 53 42906
0x00000000 17 -1 -1 -1 41988 514
0x00000000 17 -1 -1 -1 41988 514
0x00000000 17 -1 -1 -1 53 42906
0x00004000 17 -1 -1 -1 37421 53
0x00004000 17 -1 -1 -1 37421 53
0x00000000 17 -1 -1 -1 53 37421
0x00000000 17 -1 -1 -1 41988 514
0x00000000 17 -1 -1 -1 41988 514
0x00000000 17 -1 -1 -1 53 37421
0x00004000 17 -1 -1 -1 36184 53
0x00004000 17 -1 -1 -1 36184 53
0x00000000 17 -1 -1 -1 53 36184
0x00000000 17 -1 -1 -1 41988 514
0x00000000 17 -1 -1 -1 41988 514
0x00000000 17 -1 -1 -1 53 36184
0x00004000 17 -1 -1 -1 21779 53
0x00004000 17 -1 -1 -1 21779 53
0x00000000 17 -1 -1 -1 53 21779
0x00000000 17 -1 -1 -1 41988 514
0x00000000 17 -1 -1 -1 41988 514
0x00000000 17 -1 -1 -1 53 21779
0x00004000 17 -1 -1 -1 42300 53
0x00004000 17 -1 -1 -1 42300 53
0x00000000 17 -1 -1 -1 53 42300
0x00000000 17 -1 -1 -1 41988 514
0x00000000 17 -1 -1 -1 41988 514
0x00000000 17 -1 -1 -1 53 42300
0x00004000 17 -1 -1 -1 25832 53
0x00004000 17 -1 -1 -1 25832 53
0x00000000 17 -1 -1 -1 53 25832
0x00000000 17 -1 -1 -1 41988 514
0x00000000 17 -1 -1 -1 41988 514
0x00000000 17 -1 -1 -1 53 25832
0x00004000 17 -1 -1 -1 13589 53
0x00004000 17 -1 -1 -1 13589 53
0x00000000 17 -1 -1 -1 53 13589
0x00000000 17 -1 -1 -1 41988 514
0x00000000 17 -1 -1 -1 41988 514
0x00000000 17 -1 -1 -1 53 13589
0x00004000 17 -1 -1 -1 38949 53
0x00004000 17 -1 -1 -1 38949 53
0x00000000 17 -1 -1 -1 53 38949
0x00000000 17 -1 -1 -1 41988 514
0x00000000 17 -1 -1 -1 41988 514
0x00000000 17 -1 -1 -1 53 38949
0x00004000 17 -1 -1 -1 28617 53
0x00004000 17 -1 -1 -1 28617 53
0x00000000 17 -1 -1 -1 53 28617
0x00000000 17 -1 -1 -1 41988 514
0x00000000 17 -1 -1 -1 41988 514
0x00000000 17 -1 -1 -1 53 28617
0x00000000 17 -1 -1 -1 57873 53
0x00004000 17 -1 -1 -1 16928 53
0x00004000 17 -1 -1 -1 16928 53
0x00000000 17 -1 -1 -1 57874 53
0x00000000 17 -1 -1 -1 41988 514
0x00000000 17 -1 -1 -1 53 57873
0x00000000 17 -1 -1 -1 41988 514
0x00000000 17 -1 -1 -1 41988 514
0x00000000 17 -1 -1 -1 53 57874
0x00000000 17 -1 -1 -1 41988 514
0x00000000 17 -1 -1 -1 53 16928
0x00000000 17 -1 -1 -1 53 16928
0x00004000 17 -1 -1 -1 41659 53
0x00004000 17 -1 -1 -1 41659 53
0x00000000 17 -1 -1 -1 53 41659
0x00000000 17 -1 -1 -1 41988 514
0x00000000 17 -1 -1 -1 41988 514
0x00000000 17 -1 -1 -1 53 41659
0x00000000 1 -1 -1 -1 -1 -1
0x00004000 17 -1 -1 -1 63158 53
0x00004000 17 -1 -1 -1 63158 53
0x00000000 17 -1 -1 -1 53 63158
0x00000000 17 -1 -1 -1 41988 514
0x00000000 17 -1 -1 -1 41988 514
0x00000000 17 -1 -1 -1 53 63158
0x00004000 17 -1 -1 -1 29350 53
0x00004000 17 -1 -1 -1 29350 53
0x00000000 17 -1 -1 -1 53 29350
0x00000000 17 -1 -1 -1 41988 514
0x00000000 17 -1 -1 -1 53 29350
0x00000000 17 -1 -1 -1 41988 514
0x00004000 17 -1 -1 -1 61467 53
0x00004000 17 -1 -1 -1 61467 53
0x00000000 17 -1 -1 -1 53 61467
0x00000000 17 -1 -1 -1 41988 514
0x00000000 17 -1 -1 -1 41988 514
0x00000000 17 -1 -1 -1 53 61467
0x00004000 17 -1 -1 -1 14151 53
0x00004000 17 -1 -1 -1 14151 53
0x00000000 17 -1 -1 -1 53 14151
0x00000000 17 -1 -1 -1 41988 514
0x00000000 17 -1 -1 -1 41988 514
0x00000000 17 -1 -1 -1 53 14151
0x00004000 17 -1 -1 -1 48922 53
0x00004000 17 -1 -1 -1 48922 53
0x00000000 17 -1 -1 -1 53 48922
0x00000000 17 -1 -1 -1 41988 514
0x00000000 17 -1 -1 -1 41988 514
0x00000000 17 -1 -1 -1 53 48922
0x00000000 17 -1 -1 -1 57792 53
0x00000000 17 -1 -1 -1 53 57792
0x00000000 17 -1 -1 -1 41988 514
0x00004000 17 -1 -1 -1 55211 53
0x00004000 17 -1 -1 -1 55211 53
0x00000000 17 -1 -1 -1 53 55211
0x00000000 17 -1 -1 -1 41988 514
0x00000000 17 -1 -1 -1 41988 514
0x00000000 17 -1 -1 -1 53 55211
0x00004000 17 -1 -1 -1 50116 53
0x00004000 17 -1 -1 -1 50116 53
0x00000000 17 -1 -1 -1 53 50116
0x00000000 17 -1 -1 -1 41988 514
0x00000000 17 -1 -1 -1 53 50116
0x00000000 17 -1 -1 -1 41988 514
0x00004000 17 -1 -1 -1 40745 53
0x00004000 17 -1 -1 -1 40745 53
0x00000000 17 -1 -1 -1 53 40745
0x00000000 17 -1 -1 -1 41988 514
0x00000000 17 -1 -1 -1 41988 514
0x00000000 17 -1 -1 -1 53 40745
0x00004000 17 -1 -1 -1 19068 53
0x00004000 17 -1 -1 -1 19068 53
0x00000000 17 -1 -1 -1 53 19068
0x00000000 17 -1 -1 -1 41988 514
0x00000000 17 -1 -1 -1 41988 514
0x00000000 17 -1 -1 -1 53 19068
0x00004000 17 -1 -1 -1 55078 53
0x00004000 17 -1 -1 -1 55078 53
0x00000000 17 -1 -1 -1 53 55078
0x00000000 17 -1 -1 -1 41988 514
0x00000000 17 -1 -1 -1 41988 514
0x00000000 17 -1 -1 -1 53 55078
0x00004000 17 -1 -1 -1 42302 53
0x00004000 17 -1 -1 -1 42302 53
0x00000000 17 -1 -1 -1 53 42302
0x00000000 17 -1 -1 -1 41988 514
0x00000000 17 -1 -1 -1 41988 514
0x00000000 17 -1 -1 -1 53 42302
0x00004000 17 -1 -1 -1 17508 53
0x00004000 17 -1 -1 -1 17508 53
0x00000000 17 -1 -1 -1 53 17508
0x00000000 17 -1 -1 -1 41988 514
0x00000000 17 -1 -1 -1 41988 514
0x00000000 17 -1 -1 -1 53 17508
0x00000000 17 -1 -1 -1 50014 53
0x00000000 17 -1 -1 -1 53 50014
0x00000000 17 -1 -1 -1 41988 514
0x00004000 17 -1 -1 -1 55371 53
0x00004000 17 -1 -1 -1 55371 53
0x00000000 17 -1 -1 -1 53 55371
0x00000000 17 -1 -1 -1 41988 514
0x00000000 17 -1 -1 -1 41988 514
0x00000000 17 -1 -1 -1 53 55371
0x00004000 17 -1 -1 -1 9505 53
0x00004000 17 -1 -1 -1 9505 53
0x00000000 17 -1 -1 -1 53 9505
0x00000000 17 -1 -1 -1 41988 514
0x00000000 17 -1 -1 -1 41988 514
0x00000000 17 -1 -1 -1 53 9505
0x00004000 17 -1 -1 -1 52524 53
0x00004000 17 -1 -1 -1 52524 53
0x00000000 17 -1 -1 -1 53 52524
0x00000000 17 -1 -1 -1 41988 514
0x00000000 17 -1 -1 -1 53 52524
0x00000000 17 -1 -1 -1 41988 514
0x00004000 17 -1 -1 -1 24736 53
0x00004000 17 -1 -1 -1 24736 53
0x00000000 17 -1 -1 -1 53 24736
0x00000000 17 -1 -1 -1 41988 514
0x00000000 17 -1 -1 -1 41988 514
0x00000000 17 -1 -1 -1 53 24736
0x00004000 17 -1 -1 -1 43285 53
0x00004000 17 -1 -1 -1 43285 53
0x00000000 17 -1 -1 -1 53 43285
0x00000000 17 -1 -1 -1 41988 514
0x00000000 17 -1 -1 -1 41988 514
0x00000000 17 -1 -1 -1 53 43285
0x00004000 17 -1 -1 -1 9317 53
0x00004000 17 -1 -1 -1 9317 53
0x00000000 17 -1 -1 -1 53 9317
0x00000000 17 -1 -1 -1 41988 514
0x00000000 17 -1 -1 -1 53 9317
0x00000000 17 -1 -1 -1 41988 514
0x00004000 17 -1 -1 -1 54503 53
0x00004000 17 -1 -1 -1 54503 53
0x00000000 17 -1 -1 -1 53 54503
0x00000000 17 -1 -1 -1 41988 514
0x00000000 17 -1 -1 -1 53 54503
0x00000000 17 -1 -1 -1 41988 514
0x00004000 17 -1 -1 -1 27219 53
0x00004000 17 -1 -1 -1 27219 53
0x00000000 17 -1 -1 -1 3724 53
0x00000000 17 -1 -1 -1 53 27219
0x00000000 17 -1 -1 -1 41988 514
0x00000000 17 -1 -1 -1 41988 514
0x00000000 17 -1 -1 -1 41988 514
0x00000000 17 -1 -1 -1 53 27219
0x00000000 17 -1 -1 -1 56718 53
0x00004000 17 -1 -1 -1 48660 53
0x00004000 17 -1 -1 -1 48660 53
0x00000000 17 -1 -1 -1 53 48660
0x00000000 17 -1 -1 -1 41988 514
0x00000000 17 -1 -1 -1 41988 514
0x00000000 17 -1 -1 -1 53 48660
0x00004000 17 -1 -1 -1 33247 53
0x00004000 17 -1 -1 -1 33247 53
0x00000000 17 -1 -1 -1 53 33247
0x00000000 17 -1 -1 -1 41988 514
0x00000000 17 -1 -1 -1 41988 514
0x00000000 17 -1 -1 -1 53 33247
0x00004000 17 -1 -1 -1 37897 53
0x00004000 17 -1 -1 -1 37897 53
0x00000000 17 -1 -1 -1 53 37897
0x00000000 17 -1 -1 -1 41988 514
0x00000000 17 -1 -1 -1 53 37897
0x00000000 17 -1 -1 -1 41988 514
0x00004000 17 -1 -1 -1 29354 53
0x00004000 17 -1 -1 -1 29354 53
0x00000000 17 -1 -1 -1 53 29354
0x00000000 17 -1 -1 -1 41988 514
0x00000000 17 -1 -1 -1 41988 514
0x00000000 17 -1 -1 -1 53 29354
0x00004000 17 -1 -1 -1 31884 53
0x00004000 17 -1 -1 -1 31884 53
0x00000000 17 -1 -1 -1 53 31884
0x00000000 17 -1 -1 -1 41988 514
0x00000000 17 -1 -1 -1 41988 514
0x00000000 17 -1 -1 -1 53 31884
0x00004000 17 -1 -1 -1 41390 53
0x00004000 17 -1 -1 -1 41390 53
0x00000000 17 -1 -1 -1 53 41390
0x00000000 17 -1 -1 -1 41988 514
0x00000000 17 -1 -1 -1 41988 514
0x00000000 17 -1 -1 -1 53 41390
0x00000000 17 -1 -1 -1 53967 53
0x00000000 17 -1 -1 -1 41988 514
0x00000000 17 -1 -1 -1 59744 53
0x00004000 17 -1 -1 -1 52341 53
0x00004000 17 -1 -1 -1 52341 53
0x00000000 17 -1 -1 -1 53 52341
0x00000000 17 -1 -1 -1 41988 514
0x00000000 17 -1 -1 -1 41988 514
0x00000000 17 -1 -1 -1 53 52341
0x00004000 17 -1 -1 -1 60723 53
0x00004000 17 -1 -1 -1 60723 53
0x00000000 17 -1 -1 -1 53 60723
0x00000000 17 -1 -1 -1 41988 514
0x00000000 17 -1 -1 -1 41988 514
0x00000000 17 -1 -1 -1 53 60723
0x00004000 17 -1 -1 -1 37688 53
0x00004000 17 -1 -1 -1 37688 53
0x00000000 17 -1 -1 -1 53 37688
0x00000000 17 -1 -1 -1 41988 514
0x00000000 17 -1 -1 -1 41988 514
0x00000000 17 -1 -1 -1 53 37688
0x00000000 17 -1 -1 -1 50695 53
0x00000000 17 -1 -1 -1 41988 514
0x00000000 17 -1 -1 -1 53 50695
0x00004000 17 -1 -1 -1 32325 53
0x00004000 17 -1 -1 -1 32325 53
0x00004000 17 -1 -1 -1 34995 53
0x00000000 17 -1 -1 -1 53 32325
0x00000000 17 -1 -1 -1 41988 514
0x00000000 17 -1 -1 -1 41988 514
0x00000000 17 -1 -1 -1 53 34995
0x00000000 17 -1 -1 -1 41988 514
0x00000000 17 -1 -1 -1 53 32325
0x00004000 17 -1 -1 -1 37441 53
0x00000000 17 -1 -1 -1 53 37441
0x00000000 17 -1 -1 -1 41988 514
0x00004000 17 -1 -1 -1 61532 53
0x00004000 17 -1 -1 -1 61532 53
0x00000000 17 -1 -1 -1 53 61532
0x00000000 17 -1 -1 -1 41988 514
0x00000000 17 -1 -1 -1 41988 514
0x00000000 17 -1 -1 -1 53 61532
0x00004000 17 -1 -1 -1 48378 53
0x00000000 17 -1 -1 -1 53 48378
0x00000000 17 -1 -1 -1 41988 514
0x00000000 17 -1 -1 -1 53 64045
0x00000000 17 -1 -1 -1 53 57882
0x00000000 17 -1 -1 -1 53 56776
0x00004000 17 -1 -1 -1 59128 53
0x00004000 17 -1 -1 -1 59128 53
0x00000000 17 -1 -1 -1 53 59128
0x00000000 17 -1 -1 -1 41988 514
0x00000000 17 -1 -1 -1 41988 514
0x00000000 17 -1 -1 -1 53 59128
0x00004000 17 -1 -1 -1 41183 53
0x00004000 17 -1 -1 -1 41183 53
0x00000000 17 -1 -1 -1 53 41183
0x00000000 17 -1 -1 -1 41988 514
0x00000000 17 -1 -1 -1 41988 514
0x00000000 17 -1 -1 -1 53 41183
0x00004000 17 -1 -1 -1 13713 53
0x00004000 17 -1 -1 -1 13713 53
0x00000000 17 -1 -1 -1 53 13713
0x00000000 17 -1 -1 -1 41988 514
0x00000000 17 -1 -1 -1 53 13713
0x00000000 17 -1 -1 -1 41988 514
0x00000000 17 -1 -1 -1 65110 53
0x00000000 17 -1 -1 -1 53 65110
0x00000000 17 -1 -1 -1 41988 514
0x00004000 17 -1 -1 -1 60145 53
0x00004000 17 -1 -1 -1 60145 53
0x00000000 17 -1 -1 -1 53 60145
0x00000000 17 -1 -1 -1 41988 514
0x00000000 17 -1 -1 -1 41988 514
0x00000000 17 -1 -1 -1 53 60145
0x00004000 17 -1 -1 -1 21081 53
0x00004000 17 -1 -1 -1 21081 53
0x00000000 17 -1 -1 -1 53 21081
0x00000000 17 -1 -1 -1 41988 514
0x00000000 17 -1 -1 -1 41988 514
0x00000000 17 -1 -1 -1 53 21081
0x00004000 17 -1 -1 -1 35267 53
0x00004000 17 -1 -1 -1 35267 53
0x00000000 17 -1 -1 -1 53 35267
0x00000000 17 -1 -1 -1 41988 514
0x00000000 17 -1 -1 -1 41988 514
0x00000000 17 -1 -1 -1 53 35267
0x00004000 17 -1 -1 -1 25440 53
0x00004000 17 -1 -1 -1 25440 53
0x00000000 17 -1 -1 -1 53 25440
0x00000000 17 -1 -1 -1 41988 514
0x00000000 17 -1 -1 -1 41988 514
0x00000000 17 -1 -1 -1 53 25440
0x00004000 17 -1 -1 -1 43662 53
0x00004000 17 -1 -1 -1 43662 53
0x00000000 17 -1 -1 -1 53 43662
0x00000000 17 -1 -1 -1 41988 514
0x00000000 17 -1 -1 -1 41988 514
0x00000000 17 -1 -1 -1 53 43662
0x00004000 17 -1 -1 -1 23570 53
0x00004000 17 -1 -1 -1 23570 53
0x00000000 17 -1 -1 -1 53 23570
0x00000000 17 -1 -1 -1 41988 514
0x00000000 17 -1 -1 -1 53 23570
0x00000000 17 -1 -1 -1 41988 514
0x00004000 17 -1 -1 -1 21680 53
0x00004000 17 -1 -1 -1 21680 53
0x00000000 17 -1 -1 -1 53 21680
0x00000000 17 -1 -1 -1 41988 514
0x00000000 17 -1 -1 -1 53 21680
0x00000000 17 -1 -1 -1 41988 514
0x00004000 17 -1 -1 -1 18180 53
0x00004000 17 -1 -1 -1 18180 53
0x00000000 17 -1 -1 -1 53 18180
0x00000000 17 -1 -1 -1 41988 514
0x00000000 17 -1 -1 -1 41988 514
0x00000000 17 -1 -1 -1 53 18180
0x00004000 17 -1 -1 -1 17482 53
0x00004000 17 -1 -1 -1 17482 53
0x00000000 17 -1 -1 -1 53 17482
0x00000000 17 -1 -1 -1 41988 514
0x00000000 17 -1 -1 -1 41988 514
0x00000000 17 -1 -1 -1 53 17482
0x00004000 17 -1 -1 -1 60922 53
0x00004000 17 -1 -1 -1 60922 53
0x00000000 17 -1 -1 -1 53 60922
0x00000000 17 -1 -1 -1 41988 514
0x00000000 17 -1 -1 -1 41988 514
0x00000000 17 -1 -1 -1 53 60922
0x00004000 17 -1 -1 -1 30970 53
0x00004000 17 -1 -1 -1 30970 53
0x00000000 17 -1 -1 -1 53 30970
0x00000000 17 -1 -1 -1 41988 514
0x00000000 17 -1 -1 -1 41988 514
0x00000000 17 -1 -1 -1 53 30970
0x00004000 17 -1 -1 -1 26627 53
0x00004000 17 -1 -1 -1 26627 53
0x00000000 17 -1 -1 -1 53 26627
0x00000000 17 -1 -1 -1 41988 514
0x00000000 17 -1 -1 -1 41988 514
0x00000000 17 -1 -1 -1 53 26627
0x00004000 17 -1 -1 -1 12410 53
0x00004000 17 -1 -1 -1 12410 53
0x00000000 17 -1 -1 -1 53 12410
0x00000000 17 -1 -1 -1 41988 514
0x00000000 17 -1 -1 -1 41988 514
0x00000000 17 -1 -1 -1 53 12410
0x00004000 17 -1 -1 -1 56151 53
0x00004000 17 -1 -1 -1 56151 53
0x00000000 17 -1 -1 -1 53 56151
0x00000000 17 -1 -1 -1 41988 514
0x00000000 17 -1 -1 -1 41988 514
0x00000000 17 -1 -1 -1 53 56151
0x00004000 17 -1 -1 -1 35471 53
0x00004000 17 -1 -1 -1 35471 53
0x00000000 17 -1 -1 -1 53 35471
0x00000000 17 -1 -1 -1 41988 514
0x00000000 17 -1 -1 -1 41988 514
0x00000000 17 -1 -1 -1 53 35471
0x00004000 17 -1 -1 -1 59702 53
0x00004000 17 -1 -1 -1 59702 53
0x00000000 17 -1 -1 -1 53 59702
0x00000000 17 -1 -1 -1 41988 514
0x00000000 17 -1 -1 -1 41988 514
0x00000000 17 -1 -1 -1 53 59702
0x00004000 17 -1 -1 -1 26448 53
0x00004000 17 -1 -1 -1 26448 53
0x00000000 17 -1 -1 -1 53 26448
0x00000000 17 -1 -1 -1 41988 514
0x00000000 17 -1 -1 -1 41988 514
0x00000000 17 -1 -1 -1 53 26448
0x00004000 17 -1 -1 -1 23901 53
0x00004000 17 -1 -1 -1 23901 53
0x00000000 17 -1 -1 -1 53 23901
0x00000000 17 -1 -1 -1 41988 514
0x00000000 17 -1 -1 -1 41988 514
0x00000000 17 -1 -1 -1 53 23901
0x00004000 17 -1 -1 -1 56912 53
0x00004000 17 -1 -1 -1 56912 53
0x00000000 17 -1 -1 -1 53 56912
0x00000000 17 -1 -1 -1 41988 514
0x00000000 17 -1 -1 -1 41988 514
0x00000000 17 -1 -1 -1 53 56912
0x00004000 17 -1 -1 -1 61517 53
0x00004000 17 -1 -1 -1 61517 53
0x00000000 17 -1 -1 -1 53 61517
0x00000000 17 -1 -1 -1 41988 514
0x00000000 17 -1 -1 -1 41988 514
0x00000000 17 -1 -1 -1 53 61517
0x00004000 17 -1 -1 -1 49405 53
0x00004000 17 -1 -1 -1 49405 53
0x00000000 17 -1 -1 -1 41988 514
0x00000000 17 -1 -1 -1 53 49405
0x00000000 17 -1 -1 -1 53 49405
0x00000000 17 -1 -1 -1 41988 514
0x00004000 17 -1 -1 -1 17137 53
0x00004000 17 -1 -1 -1 17137 53
0x00000000 17 -1 -1 -1 53 17137
0x00000000 17 -1 -1 -1 41988 514
0x00000000 17 -1 -1 -1 41988 514
0x00000000 17 -1 -1 -1 53 17137
0x00004000 17 -1 -1 -1 35292 53
0x00004000 17 -1 -1 -1 35292 53
0x00000000 17 -1 -1 -1 53 35292
0x00000000 17 -1 -1 -1 41988 514
0x00000000 17 -1 -1 -1 41988 514
0x00000000 17 -1 -1 -1 53 35292
0x00004000 17 -1 -1 -1 55458 53
0x00004000 17 -1 -1 -1 55458 53
0x00000000 17 -1 -1 -1 53 55458
0x00000000 17 -1 -1 -1 41988 514
0x00000000 17 -1 -1 -1 41988 514
0x00000000 17 -1 -1 -1 53 55458
0x00004000 17 -1 -1 -1 38985 53
0x00004000 17 -1 -1 -1 38985 53
0x00000000 17 -1 -1 -1 53 38985
0x00000000 17 -1 -1 -1 41988 514
0x00000000 17 -1 -1 -1 41988 514
0x00000000 17 -1 -1 -1 53 38985
0x00004000 17 -1 -1 -1 61490 53
0x00004000 17 -1 -1 -1 61490 53
0x00000000 17 -1 -1 -1 53 61490
0x00000000 17 -1 -1 -1 41988 514
0x00000000 17 -1 -1 -1 41988 514
0x00000000 17 -1 -1 -1 53 61490
0x00004000 17 -1 -1 -1 20653 53
0x00004000 17 -1 -1 -1 20653 53
0x00000000 17 -1 -1 -1 53 20653
0x00000000 17 -1 -1 -1 41988 514
0x00000000 17 -1 -1 -1 41988 514
0x00000000 17 -1 -1 -1 53 20653
0x00004000 17 -1 -1 -1 64825 53
0x00004000 17 -1 -1 -1 64825 53
0x00000000 17 -1 -1 -1 53 64825
0x00000000 17 -1 -1 -1 41988 514
0x00000000 17 -1 -1 -1 41988 514
0x00000000 17 -1 -1 -1 53 64825
0x00004000 17 -1 -1 -1 59148 53
0x00004000 17 -1 -1 -1 59148 53
0x00000000 17 -1 -1 -1 53 59148
0x00000000 17 -1 -1 -1 41988 514
0x00000000 17 -1 -1 -1 41988 514
0x00000000 17 -1 -1 -1 53 59148
0x00004000 17 -1 -1 -1 29907 53
0x00004000 17 -1 -1 -1 29907 53
0x00000000 17 -1 -1 -1 53 29907
0x00000000 17 -1 -1 -1 41988 514
0x00000000 17 -1 -1 -1 41988 514
0x00000000 17 -1 -1 -1 53 29907